Speed	av	del_av	ar	del_ar	LongSpeed	az	del_az	PF1Down	PF0	PF1Up	PF2	PExc
0.43956900000000004	0.0	0.0	0.0	0.0	-87.91380000000001	-2871.4699794020744	5.130693891552976e-6	0.8038292931228617	0.1245000474547209	0.018539866670729505	0.04242311141792417	0.010707681333765748
0.43956900000000004	0.0	0.0	0.0	0.0	-65.93535	-4687.004479739029	5.547727016514424e-6	0.8396626680637902	0.06355505625347893	0.023607862647923496	0.05563709630575507	0.017537316729052052
0.43956900000000004	0.0	0.0	0.0	0.0	-43.956900000000005	-9738.303390445295	3.238927181619521e-6	0.766772863874656	0.020546787444724834	0.05588418938035978	0.12023080685522161	0.036565352445038134
0.43956900000000004	0.0	0.0	0.0	0.0	-21.978450000000002	-26962.416520572337	6.271333023515503e-7	0.296241777870075	0.05108662763051202	0.18435205550619116	0.366885563093287	0.10143397589993983
0.43956900000000004	0.0	0.0	0.0	0.0	-13.18707	-30810.132498148912	2.579446830913989e-7	0.1758793077123649	0.0641997392166908	0.2059408991804435	0.438007148679425	0.11597290521108111
0.43956900000000004	0.0	0.0	0.0	0.0	-4.39569	-30928.403340623983	7.696038604963846e-11	0.14272046097416735	0.06256667162671785	0.22695818459266376	0.45137948253078847	0.11637520027566849
0.43956900000000004	0.0	0.0	0.0	0.0	-2.197845	-30368.426951796184	4.6553029403084457e-7	0.14313134860370277	0.0629429642370704	0.2337963863137723	0.4458786111480962	0.1142506896973629
0.43956900000000004	0.0	0.0	0.0	0.0	2.197845	-30301.378836104264	3.8726525079640544e-11	0.17989734046945616	0.05946552449944382	0.22741237794014887	0.4192675761070924	0.11395718098386248
0.43956900000000004	0.0	0.0	0.0	0.0	4.39569	-30791.42541160284	6.35259187022764e-11	0.16833289660589504	0.06066032310349863	0.23068571231133855	0.42452714225132926	0.11579392572794216
0.43956900000000004	0.0	0.0	0.0	0.0	8.79138	-30899.27008943353	1.0915416098812725e-10	0.15546882050873953	0.06413430059638171	0.2290937035558675	0.4351048045839456	0.11619837075507064
0.43956900000000004	0.0	0.0	0.0	0.0	13.18707	-30589.554157776747	1.0281871106541003e-5	0.17280133264665518	0.05884020133023408	0.22017044970724028	0.4331501641574923	0.11503785215838269
0.43956900000000004	0.0	0.0	0.0	0.0	17.58276	-30267.13156993483	2.800769866931052e-10	0.15450612386407994	0.0612277950084271	0.22088161140284554	0.44953305511803354	0.11385141460661853
0.43956900000000004	0.0	0.0	0.0	0.0	21.978450000000002	-29830.36204477531	2.139043465624125e-6	0.16654042233240152	0.06367063625991863	0.22235008541873566	0.4352636189932808	0.11217523699566832
0.43956900000000004	0.0	0.0	0.0	0.0	26.37414	-29819.726251531258	2.3494397994363088e-7	0.15508200060695593	0.06658427225210888	0.23186885571253188	0.4343518829614972	0.11211298846691062
0.43956900000000004	0.0	0.0	0.0	0.0	30.76983	-30291.551035305936	2.994606923837301e-10	0.16628271620386323	0.06413435789348249	0.22312965442219762	0.4325862237938029	0.11386704768665848
0.43956900000000004	0.0	0.0	0.0	0.0	35.16552	-30459.791268757363	3.97547262031722e-7	0.1619618696428931	0.060989365312694985	0.22909477253483168	0.4334222550120381	0.11453173749754705
0.43956900000000004	0.0	0.0	0.0	0.0	39.56121	-30275.129887420953	1.8821835048163935e-6	0.1811417746912597	0.06166074282356604	0.21567279903568684	0.4276624687147602	0.11386221473473149
0.43956900000000004	0.0	0.0	0.0	0.0	43.956900000000005	-29459.292771394077	1.1463143806255385e-6	0.16985057894437136	0.05914714914308538	0.2195624781712887	0.4406323585193493	0.11080743522190961
0.43956900000000004	0.0	0.0	0.0	0.0	48.35259	-30412.00316745112	3.677406359892737e-5	0.16930424643903103	0.06162537372266816	0.21672068785003248	0.4379672732182911	0.11438241876998312
0.43956900000000004	0.0	0.0	0.0	0.0	52.74828	-29441.728260581767	8.614951609437791e-11	0.1763975208351867	0.06258847744950366	0.21343376393821617	0.4368700600387325	0.11071017773836657
0.43956900000000004	0.0	0.0	0.0	0.0	57.14397	-30345.556298673535	6.1842680790616845e-6	0.17325047032176427	0.06539440670429342	0.21129662732720006	0.43593774485084685	0.11412075079589955
0.43956900000000004	0.0	0.0	0.0	0.0	61.53966	-29097.7287675674	3.3944181131951306e-6	0.17064595757544554	0.0590422903807553	0.20418960759837448	0.4566887574567034	0.10943338698872648
0.43956900000000004	0.0	0.0	0.0	0.0	65.93535	-29193.773639197392	2.738452654407635e-7	0.17819578537272907	0.05469430012112073	0.19664125412035827	0.4606724576193305	0.10979620276646601
0.43956900000000004	0.0	0.0	0.0	0.0	70.33104	-26915.961720894396	3.794650113792032e-6	0.1653150487269551	0.050523001379443454	0.18375530130187517	0.4991886323635224	0.10121801622820792
0.43956900000000004	0.0	0.0	0.0	0.0	74.72673	-26070.806063658303	8.718206687110807e-7	0.16128620161380006	0.05030766639883409	0.16564670901613632	0.5247411365910483	0.09801828638018584
0.43956900000000004	0.0	0.0	0.0	0.0	79.12242	-26512.059046288945	1.1960524553139122e-6	0.15275194600672357	0.04816961379311622	0.16349221978949735	0.5359044367280629	0.09968178368260448
0.43956900000000004	0.0	0.0	0.0	0.0	83.51811000000001	-22948.22659914852	2.0792939895302975e-6	0.1391719167534895	0.039264169237504865	0.13792710760264681	0.5973662038986404	0.08627060250772328
0.43956900000000004	0.0	0.0	0.0	0.0	87.91380000000001	-16691.1781210913	1.7705616726246105e-6	0.09751322960699799	0.027991715148561885	0.09903027183510317	0.7127233602899932	0.06274142311934655
0.43956900000000004	0.0	0.0	0.0	0.0	92.30949	-13289.264884608021	5.1895347773297765e-6	0.07860728305462389	0.021595003502305265	0.07723674170854539	0.7726157569379519	0.04994521479657554
0.43956900000000004	0.0	0.0	0.0	0.0	96.70518	-9863.96390837782	2.3840645948050987e-6	0.05389024248892845	0.0146971173637822	0.05950135729175607	0.8348519910353764	0.037059291820158505
0.43956900000000004	0.0	0.0	0.0	0.0	101.10087	-8224.795486393114	3.2149631479995137e-6	0.04586817015284259	0.012702279806284494	0.055036753424495995	0.8555032560719905	0.030889540544388767
0.43956900000000004	0.0	0.0	0.0	0.0	105.49656	-6902.147321410134	8.5149299234289e-6	0.03722929192630384	0.009500418934307829	0.056417683826957526	0.8709410470050174	0.025911558307411865
0.43956900000000004	0.0	0.0	0.0	0.0	109.89225	-5899.5920224685	1.1562508655459538e-6	0.03026544307297842	0.008446314102706434	0.06592276501177344	0.8732290333378677	0.022136444474676206
0.43956900000000004	0.0	0.0	0.0	0.0	114.28794	-5201.441182711056	1.0747766120070404e-5	0.025587037867872905	0.00669517687334413	0.08468562434813383	0.8635298212298993	0.019502339680749492
0.43956900000000004	0.0	0.0	0.0	0.0	118.68363000000001	-4538.864297630465	3.313050524412134e-6	0.020694649469623308	0.005872555387759478	0.10981608572496433	0.8466131042863108	0.017003605131343694
0.43956900000000004	0.0	0.0	0.0	0.0	123.07932	-4078.6697604426413	1.2814584759623016e-6	0.018820912262815643	0.004781626176635545	0.13884420559268687	0.8222839843053081	0.015269271662554325
0.43956900000000004	0.0	0.0	0.0	0.0	127.47501	-3563.359126091165	4.199324072117023e-6	0.015441618143366809	0.004242075035024902	0.1637293578194381	0.8032580396256174	0.013328909376553594
0.43956900000000004	0.0	0.0	0.0	0.0	131.8707	-3063.8440328148845	1.6791242985423408e-6	0.013288759523933012	0.0034492731587597684	0.1824644160484486	0.789347203681522	0.01145034758733593
0.43956900000000004	0.0	0.0	0.0	0.0	136.26639	-2649.240331955676	4.910020960224468e-6	0.011456380157927524	0.003111478656236528	0.19823903928741354	0.7773014070270741	0.009891694871348364
0.43956900000000004	0.0	0.0	0.0	0.0	140.66208	-2305.936932087182	1.268956255231232e-6	0.009506896656457575	0.0027457615108258107	0.21164207390299322	0.7675064919833232	0.008598775946401783
0.43956900000000004	0.0	0.0	0.0	0.0	145.05777	-2052.24059798298	5.816399123270565e-7	0.008811779828076103	0.00257112731156596	0.22624561483446662	0.7547273321502964	0.0076441458755976514
0.43956900000000004	0.0	0.0	0.0	0.0	149.45346	-1821.7331654154532	1.909257458266122e-6	0.007090524949660294	0.0028650073112627423	0.23706463697488986	0.7462027466257471	0.006777084138440509
0.43956900000000004	0.0	0.0	0.0	0.0	153.84915	-1650.096474642426	1.0717893616527408e-6	0.00691696871312956	0.003297639149589012	0.24941236149368964	0.7342421820770674	0.006130848566524126
0.43956900000000004	0.0	0.0	0.0	0.0	158.24484	-1490.7264253116086	3.828886113245252e-6	0.005806889640368735	0.004255279335722689	0.2588977326693529	0.7255092995659289	0.00553079878862729
0.43956900000000004	0.0	0.0	0.0	0.0	162.64053	-1343.926085209976	3.6767343358469673e-6	0.004671570924974448	0.006322366231615539	0.26508709557317034	0.7189414302048096	0.004977537065430958
0.43956900000000004	0.0	0.0	0.0	0.0	167.03622000000001	-1233.2898006094185	2.025683189708736e-6	0.004959283746331241	0.00929502868599763	0.2737232400138166	0.7074597722904834	0.004562675263370596
0.43956900000000004	0.0	0.0	0.0	0.0	171.43191000000002	-1120.1963352162084	1.2305993286630142e-6	0.003584757461011436	0.012822682218849555	0.27771627211111916	0.7017412354869996	0.004135052722018617
0.43956900000000004	0.0	0.0	0.0	0.0	175.82760000000002	-1024.009869462912	4.566916806840963e-6	0.003375008028772204	0.01661673301526663	0.28093641265336555	0.6952983298467377	0.0037735164558559803
0.43956900000000004	0.0	0.0	0.0	0.0	180.22329	-948.3170616998855	3.8845251176237375e-6	0.0036206711436939636	0.020439638397434335	0.2861034761137016	0.6863483209447989	0.003487893400371637
0.43956900000000004	0.0	0.0	0.0	0.0	184.61898	-885.0957690059522	8.622967425082026e-6	0.0045306350512143885	0.02430663356494419	0.29216196179775095	0.675751236690906	0.003249532895185208
0.43956900000000004	0.0	0.0	0.0	0.0	189.01467	-830.1243169039717	5.184921849712064e-6	0.007011758837837275	0.02826346407469594	0.2980066327583916	0.663676399184264	0.0030417451448110744
0.43956900000000004	0.0	0.0	0.0	0.0	193.41036	-784.2513341931324	4.3240669796928577e-7	0.011672610306868614	0.03232189245352617	0.30414002005020385	0.6489962593909748	0.0028692177984268167
0.43956900000000004	0.0	0.0	0.0	0.0	197.80605	-749.7359697140049	1.08505053165575e-6	0.01970894113771309	0.036342879424496176	0.30997673503297674	0.6312330244508713	0.0027384199539423884
0.43956900000000004	0.0	0.0	0.0	0.0	202.20174	-725.8901175671785	2.322021272903171e-6	0.032478971547417884	0.04002552861535534	0.31386240210337796	0.6109846709682584	0.002648426765590595
0.43956900000000004	0.0	0.0	0.0	0.0	206.59743	-707.6165735492767	6.945549548261609e-6	0.04944135499372869	0.043122887117402225	0.31487774900840065	0.5899811623816659	0.002576846498802568
0.43956900000000004	0.0	0.0	0.0	0.0	210.99312	-686.7209810237655	5.8158275820999115e-6	0.06772279359371178	0.045708936040869654	0.3135744403272667	0.5704971648658714	0.0024966651722792828
0.43956900000000004	0.0	0.0	0.0	0.0	215.38881	-661.9705960615765	3.599442268830377e-6	0.08534382365351345	0.047955881842464236	0.3108898253157808	0.5534080808660762	0.00240238832216712
0.43956900000000004	0.0	0.0	0.0	0.0	219.7845	-634.3374928774359	3.811760787856204e-6	0.1015218002707993	0.049979587287340185	0.3074544492859958	0.5387468285824006	0.002297334573462796
0.43956900000000004	0.0	0.0	0.0	0.0	224.18019	-604.4571008058061	3.24111933113741e-6	0.11602393221165376	0.05184617169870988	0.3036539947750584	0.5262901239868736	0.0021857773277047213
