Speed	av	del_av	ar	del_ar	LongSpeed	az	del_az	PF1Down	PF0	PF1Up	PF2	PExc
0.43956900000000004	0.0	0.0	0.0	0.0	-87.91380000000001	-326.5906306862483	8.284876486218034e-6	0.29988867836734456	0.11703043104649682	0.25229102852385354	0.3296391437436722	0.001150718318632715
0.43956900000000004	0.0	0.0	0.0	0.0	-65.93535	-586.4462672320121	4.436111168061675e-6	0.35999783847023403	0.15894345528906784	0.264471172707557	0.21445804531961202	0.0021294882135301997
0.43956900000000004	0.0	0.0	0.0	0.0	-43.956900000000005	-904.2404536444193	7.594846676755127e-7	0.5650207265806784	0.23390509153487066	0.13923324975008028	0.05851584304357235	0.0033250890907995092
0.43956900000000004	0.0	0.0	0.0	0.0	-21.978450000000002	-941.0764850069929	2.867175178892278e-6	0.7497953977386358	0.21720671301161606	0.007951051570280733	0.02158076938460661	0.0034660682948602275
0.43956900000000004	0.0	0.0	0.0	0.0	-13.18707	-1367.4855720527767	1.1150970095320993e-6	0.7198397350047825	0.22997768153977685	0.012920819801511954	0.03219115035397967	0.005070613299950703
0.43956900000000004	0.0	0.0	0.0	0.0	-4.39569	-1785.1054628003792	1.1370689623836798e-7	0.7406581741193449	0.19172886690419946	0.017896534414473437	0.04307163098286127	0.006644793579120494
0.43956900000000004	0.0	0.0	0.0	0.0	-2.197845	-1904.5817238067316	2.61882200869717e-7	0.7518548984533361	0.17764703409208205	0.019255061872142386	0.04414743259251867	0.007095572989921304
0.43956900000000004	0.0	0.0	0.0	0.0	2.197845	-2130.798996743124	3.796354511928751e-11	0.7776688904364002	0.13993797494053492	0.022283274406262293	0.05216108331191903	0.007948776904883081
0.43956900000000004	0.0	0.0	0.0	0.0	4.39569	-2288.7700225733506	1.3425629906942974e-7	0.7921721571621022	0.12207912819386565	0.02485394951221596	0.05235141968783365	0.008543345443982357
0.43956900000000004	0.0	0.0	0.0	0.0	8.79138	-2589.321215273505	1.1267622354936647e-10	0.8206440916270448	0.07799838236724503	0.02861794265190232	0.06306186848835689	0.00967771486545077
0.43956900000000004	0.0	0.0	0.0	0.0	13.18707	-2895.3369274747665	6.895753382550161e-7	0.8465671144960927	0.04047453273858942	0.03315037656580008	0.06897456558413242	0.01083341061538663
0.43956900000000004	0.0	0.0	0.0	0.0	17.58276	-3266.484576862337	1.4121264872779029e-6	0.8501361670398981	0.02144655117509582	0.040520693479510844	0.07566404530046833	0.012232543005027898
0.43956900000000004	0.0	0.0	0.0	0.0	21.978450000000002	-3873.5166730371343	4.4581369151988875e-7	0.8365128328137837	0.011774280076800732	0.04628044236970348	0.09091397647072688	0.0145184682689864
0.43956900000000004	0.0	0.0	0.0	0.0	26.37414	-4752.2961706354545	1.830739293983958e-6	0.8017209955328032	0.010004004358115324	0.058404297920443576	0.1120462820916221	0.017824420097016142
0.43956900000000004	0.0	0.0	0.0	0.0	30.76983	-6060.456775839395	8.875081514300492e-8	0.7458698743389425	0.012847418430670702	0.07388085168762226	0.1446561563915927	0.022745699151171386
0.43956900000000004	0.0	0.0	0.0	0.0	35.16552	-7820.674755266405	2.7980170633293212e-6	0.6661201757245607	0.020910575881529378	0.10109026724197118	0.18251424217400058	0.029364738977938853
0.43956900000000004	0.0	0.0	0.0	0.0	39.56121	-10486.469462937841	5.413514646721714e-6	0.5285905659147756	0.029431443065630628	0.14833319820853264	0.2542533122054499	0.0393914806056146
0.43956900000000004	0.0	0.0	0.0	0.0	43.956900000000005	-13415.106494877351	2.3191191525984816e-7	0.38629489314287796	0.0404315161368166	0.19488841319555972	0.32797931608320174	0.05040586144154491
0.43956900000000004	0.0	0.0	0.0	0.0	48.35259	-16003.693751269717	7.970327776274011e-7	0.23058975252088898	0.06015523276034215	0.22976566259531295	0.4193350412584373	0.06015431086502076
0.43956900000000004	0.0	0.0	0.0	0.0	52.74828	-17228.426275173453	4.299963946960448e-6	0.17025139686068297	0.06209614043172432	0.23181726603156033	0.4710568124102108	0.06477838426582404
0.43956900000000004	0.0	0.0	0.0	0.0	57.14397	-17375.29790319376	1.2152403522836494e-6	0.14634774016013302	0.06918029628902207	0.23096036583234197	0.4881734256162708	0.06533817210223376
0.43956900000000004	0.0	0.0	0.0	0.0	61.53966	-17158.15717550528	1.1207522779475856e-6	0.1501252963862474	0.06647038453349849	0.23791155572981232	0.4809966588115211	0.06449610453892289
0.43956900000000004	0.0	0.0	0.0	0.0	65.93535	-17459.336924247647	6.840526701259781e-8	0.15422727107236042	0.07369784697494706	0.24896604430390398	0.45750631048184615	0.06560252716694506
0.43956900000000004	0.0	0.0	0.0	0.0	70.33104	-16882.51541330291	4.5310802408745785e-6	0.1856795034463476	0.06748901884961864	0.25943343557243526	0.42398736631625167	0.06341067581534979
0.43956900000000004	0.0	0.0	0.0	0.0	74.72673	-17440.169889451758	1.5730530960144748e-5	0.19472899168551375	0.0687778457663409	0.25713465263618385	0.4138771873927429	0.06548132251922201
0.43956900000000004	0.0	0.0	0.0	0.0	79.12242	-16924.7135193377	2.7906361175412152e-5	0.1836225074780409	0.08148028982615	0.2503759364791997	0.4209854817135637	0.06353578450304752
0.43956900000000004	0.0	0.0	0.0	0.0	83.51811000000001	-17367.106174204724	5.285908835725389e-6	0.2034493660142118	0.06827143921996198	0.2294300815287884	0.4336380218252244	0.06521109141181602
0.43956900000000004	0.0	0.0	0.0	0.0	87.91380000000001	-16755.601571560535	2.3243642775461766e-6	0.19245339571369677	0.06950351045753445	0.22352861086711937	0.45158586723911354	0.06292861572253784
0.43956900000000004	0.0	0.0	0.0	0.0	92.30949	-16828.300847493392	4.327109114316756e-6	0.20209417772602956	0.07684958411410331	0.2341964534832988	0.42367024712963386	0.06318953754693671
0.43956900000000004	0.0	0.0	0.0	0.0	96.70518	-16975.46605141019	3.319811354370763e-6	0.21175373284344506	0.0824262923034057	0.24359490136773884	0.39852437482009684	0.06370069866531589
0.43956900000000004	0.0	0.0	0.0	0.0	101.10087	-16803.79681869018	2.5478193203645644e-6	0.2144400877046992	0.07239740319598209	0.23726206634625613	0.4128480061363419	0.06305243661672298
0.43956900000000004	0.0	0.0	0.0	0.0	105.49656	-17195.454321862737	2.1285278240235155e-6	0.2235538107207214	0.07235367123944478	0.24190241281132085	0.3976482948233253	0.06454181040518983
0.43956900000000004	0.0	0.0	0.0	0.0	109.89225	-17221.80330435208	1.5144618578661063e-6	0.22703009247898615	0.07647525884523554	0.24238958408435238	0.3894295841310004	0.06467548046042759
0.43956900000000004	0.0	0.0	0.0	0.0	114.28794	-16528.243330874546	8.324101278557611e-6	0.23365688093313575	0.07270466781733564	0.2179902774350142	0.4135722662185902	0.0620759075959256
0.43956900000000004	0.0	0.0	0.0	0.0	118.68363000000001	-17245.13768403161	1.3676959350510535e-6	0.22861999585457532	0.08103345762334284	0.23368727182443658	0.3919011949030567	0.0647580797945921
0.43956900000000004	0.0	0.0	0.0	0.0	123.07932	-16513.622610341074	5.456832791896849e-7	0.23023705329629843	0.07745530238712994	0.21363209333240274	0.4166805340283725	0.06199501695579899
0.43956900000000004	0.0	0.0	0.0	0.0	127.47501	-17828.31916092146	1.6783940867661208e-5	0.2352585682777918	0.08716899149670224	0.21868922968611793	0.3919186472173054	0.06696456332208528
0.43956900000000004	0.0	0.0	0.0	0.0	131.8707	-16793.759053377365	3.300554411428573e-6	0.2347289472197797	0.0798720826450558	0.19804493792698735	0.4242797504434661	0.0630742817647135
0.43956900000000004	0.0	0.0	0.0	0.0	136.26639	-16696.480163491906	2.4358384765469787e-5	0.24281331401350043	0.07337278647644782	0.21171340346417078	0.4093807965831066	0.06271969946277656
0.43956900000000004	0.0	0.0	0.0	0.0	140.66208	-17146.380942840737	2.6304477443203485e-6	0.25025091260060833	0.07530975249859347	0.2074421273620105	0.40258963633045053	0.06440757120833909
0.43956900000000004	0.0	0.0	0.0	0.0	145.05777	-15737.958613489314	4.73155858144213e-6	0.2217240718407889	0.0693890526597118	0.17005361464890878	0.4797246325597993	0.05910862829079366
0.43956900000000004	0.0	0.0	0.0	0.0	149.45346	-12934.689897572305	2.384187020228436e-6	0.18355629557549924	0.0562910386471818	0.13227726564050743	0.579282224635493	0.04859317550132067
0.43956900000000004	0.0	0.0	0.0	0.0	153.84915	-11593.253198397779	3.2494799951677514e-6	0.17159714000120269	0.046934697712300064	0.11484184122501312	0.623077901020671	0.043548420040814995
0.43956900000000004	0.0	0.0	0.0	0.0	158.24484	-10484.814730615475	1.2487457086367979e-6	0.14158196006894314	0.04268318784204375	0.10199078198077188	0.6743782828809906	0.03936578722725255
0.43956900000000004	0.0	0.0	0.0	0.0	162.64053	-8456.32830729732	3.6595680006565446e-6	0.12902892481100364	0.03181783238977373	0.07356434790321054	0.7338496388739884	0.03173925602202358
0.43956900000000004	0.0	0.0	0.0	0.0	167.03622000000001	-6238.940126805112	1.7819161094147278e-6	0.08690209312837005	0.023146820960693117	0.04912488741454631	0.8174344599257592	0.023391738570632162
0.43956900000000004	0.0	0.0	0.0	0.0	171.43191000000002	-4329.9252618567925	4.538057530182956e-7	0.05764453176151807	0.017091055943985186	0.031178110245175084	0.877873538391023	0.016212763658300287
0.43956900000000004	0.0	0.0	0.0	0.0	175.82760000000002	-3093.1199984924797	4.202681631059406e-6	0.034614365345458184	0.012032113207052782	0.025928356915560877	0.9158538973163097	0.011571267215619565
0.43956900000000004	0.0	0.0	0.0	0.0	180.22329	-2375.294886329422	1.886572205766858e-6	0.023658832932562317	0.008812049035199759	0.032181445604517925	0.9264720671463962	0.008875605281324079
