Speed	av	del_av	ar	del_ar	LongSpeed	az	del_az	PF1Down	PF0	PF1Up	PF2	PExc
0.43956900000000004	0.0	0.0	0.0	0.0	-87.91380000000001	-550.1568339862516	3.293828692546712e-5	0.31349584478117987	0.1176031762635272	0.237910522474747	0.3290209822441887	0.0019694742363578154
0.43956900000000004	0.0	0.0	0.0	0.0	-65.93535	-832.8743820434019	1.6717291813699987e-5	0.3623078464359382	0.14569664151714487	0.24730978969038983	0.24165409474183125	0.0030316276146950924
0.43956900000000004	0.0	0.0	0.0	0.0	-43.956900000000005	-1342.2873503820115	1.851534528627676e-6	0.5002519042743682	0.21154367111223182	0.22642444771763182	0.05684152106327953	0.0049384558324886505
0.43956900000000004	0.0	0.0	0.0	0.0	-21.978450000000002	-1874.4064935636575	3.2749394149135693e-6	0.6544710403948676	0.2302647176065894	0.07065957095450953	0.037684088980227674	0.006920582063805733
0.43956900000000004	0.0	0.0	0.0	0.0	-13.18707	-1936.1722899300294	3.0566501550997157e-6	0.6945387574787821	0.19192122757540742	0.072780333366216	0.03362557794879862	0.00713410363079678
0.43956900000000004	0.0	0.0	0.0	0.0	-4.39569	-1677.5755418705703	6.124732095817936e-11	0.845591680642556	0.09945013978992372	0.024601862633842248	0.024217504821869927	0.006138812111806706
0.43956900000000004	0.0	0.0	0.0	0.0	-2.197845	-1793.6823743053444	3.3832057610224e-11	0.8520860399044234	0.09175538781262696	0.024764759144568483	0.024822213583052356	0.00657159955532792
0.43956900000000004	0.0	0.0	0.0	0.0	2.197845	-2361.3521098955966	4.439024456192401e-11	0.833217752659002	0.09595901576302411	0.030380509139722383	0.031743312100268435	0.008699410337981236
0.43956900000000004	0.0	0.0	0.0	0.0	4.39569	-2934.0764281384263	5.1610559306924975e-11	0.8052332857446353	0.11113440427213545	0.03441536853791722	0.03836236814763849	0.01085457329767631
0.43956900000000004	0.0	0.0	0.0	0.0	8.79138	-3209.363943532347	1.1522868961782562e-10	0.7661507728736607	0.14269209780145548	0.044162302923778346	0.035114467477462365	0.011880358923643827
0.43956900000000004	0.0	0.0	0.0	0.0	13.18707	-3044.953201363466	1.301094976958398e-7	0.8085086949079601	0.10222058338876504	0.04541683691251876	0.03261101121506767	0.011242873575687758
0.43956900000000004	0.0	0.0	0.0	0.0	17.58276	-3128.419698913064	3.86031138196936e-7	0.8571093420157252	0.06891166444349019	0.026016015500727845	0.036436738751821574	0.011526239288234718
0.43956900000000004	0.0	0.0	0.0	0.0	21.978450000000002	-3528.14640971867	1.1743730685308928e-6	0.9062874575049469	0.033505773240365404	0.017765230238166903	0.029424288622168907	0.013017250394354286
0.43956900000000004	0.0	0.0	0.0	0.0	26.37414	-4713.917863776918	3.540017548429802e-10	0.8944447899920955	0.020500702223175297	0.021419443236064234	0.046155413015956645	0.01747965153270938
0.43956900000000004	0.0	0.0	0.0	0.0	30.76983	-7006.206611388162	2.896795613077561e-6	0.7640025731465157	0.06704674630927249	0.03924217448618855	0.10376713795486298	0.025941368103161073
0.43956900000000004	0.0	0.0	0.0	0.0	35.16552	-6004.571980837357	1.640842389830734e-6	0.7799643001430516	0.05609647662475761	0.04394437843638997	0.09771825457402995	0.0222765902217724
0.43956900000000004	0.0	0.0	0.0	0.0	39.56121	-6120.665895920372	5.879784958229952e-6	0.7901067753149549	0.03776318549998996	0.05074402769369946	0.0986541773352616	0.022731834156095605
0.43956900000000004	0.0	0.0	0.0	0.0	43.956900000000005	-8870.537957946815	6.751729792798827e-6	0.7554616171140905	0.02995134858821792	0.060727065659938795	0.12083260894113781	0.03302735969661624
0.43956900000000004	0.0	0.0	0.0	0.0	48.35259	-14883.448182907967	2.1098115608131396e-7	0.6646171568040524	0.026162371236630566	0.07206846231725866	0.18170315039741672	0.0554488592446437
0.43956900000000004	0.0	0.0	0.0	0.0	52.74828	-18822.0406287412	6.350688834848009e-6	0.5536829010973081	0.04314098203348106	0.07727200496441138	0.25567687396331945	0.07022723794148261
0.43956900000000004	0.0	0.0	0.0	0.0	57.14397	-19747.902619526034	3.129286443700639e-5	0.39433727800635343	0.06401470675080621	0.09764024280399648	0.3700749936479647	0.07393277879088257
0.43956900000000004	0.0	0.0	0.0	0.0	61.53966	-16297.167773368812	0.0006357468786508544	0.31808843867917264	0.07355404229087678	0.12979242974546543	0.41758775839094164	0.06097733089354654
0.43956900000000004	0.0	0.0	0.0	0.0	65.93535	-15899.028221279916	5.1420102749927995e-6	0.3244857998188485	0.06007416417833711	0.1772433800143844	0.3786363823533409	0.05956027363509265
0.43956900000000004	0.0	0.0	0.0	0.0	70.33104	-21289.727126590682	7.654347058581849e-7	0.2992790227820533	0.04402056394311457	0.23514744844936986	0.3416377912964504	0.0799151735290146
0.43956900000000004	0.0	0.0	0.0	0.0	74.72673	-32552.604911408067	1.9966874668257944e-6	0.22129300136516225	0.04272125896785304	0.28068301466285556	0.3328390837529216	0.1224636412512121
0.43956900000000004	0.0	0.0	0.0	0.0	79.12242	-33214.90081511747	1.9089352514341066e-6	0.21447513493149747	0.054813038885919756	0.26659970772089286	0.3392130020709691	0.12489911639072647
0.43956900000000004	0.0	0.0	0.0	0.0	83.51811000000001	-26320.42306912824	6.906267002340808e-8	0.1905225807989966	0.06201392834633076	0.2795533789580896	0.36899970582202335	0.09891040607456453
0.43956900000000004	0.0	0.0	0.0	0.0	87.91380000000001	-22389.392618150257	4.008626803816468e-6	0.28276970735884377	0.058523345453776306	0.22812337728809218	0.3465402699794801	0.08404329991981094
0.43956900000000004	0.0	0.0	0.0	0.0	92.30949	-21757.72932261689	4.304975065084674e-7	0.27496366065307004	0.05253051248079763	0.21759019767609253	0.37319682182028446	0.08171880736975914
0.43956900000000004	0.0	0.0	0.0	0.0	96.70518	-26514.47197765549	3.1684662560732406e-6	0.2579562658663569	0.04406884217107954	0.19745852791897117	0.40083341871539774	0.09968294532819919
0.43956900000000004	0.0	0.0	0.0	0.0	101.10087	-23942.195399489414	2.480428552054285e-6	0.1724970665347913	0.03778828652155404	0.1705293020934114	0.5291737670944459	0.09001157775580101
0.43956900000000004	0.0	0.0	0.0	0.0	105.49656	-19664.834420836687	2.342325455356064e-6	0.1358502543033041	0.05285085586642831	0.16537139394443567	0.5720458511411409	0.07388164474469487
0.43956900000000004	0.0	0.0	0.0	0.0	109.89225	-18099.572200709397	1.4510690297961764e-6	0.1570685869327458	0.06939223979664859	0.17002070531401473	0.5356010037973289	0.06791746415926521
0.43956900000000004	0.0	0.0	0.0	0.0	114.28794	-18353.71302018197	1.6591992325211539e-6	0.1609403750575698	0.08394158481972583	0.15011055853015146	0.5361828117823233	0.06882466981023198
0.43956900000000004	0.0	0.0	0.0	0.0	118.68363000000001	-22255.023086213165	1.7353249569536393e-6	0.18294061369089362	0.09538392378870594	0.14934951848453668	0.4888416100797824	0.08348433395608491
0.43956900000000004	0.0	0.0	0.0	0.0	123.07932	-23371.385239500396	7.555103638989447e-6	0.1527984077278352	0.09612783789946512	0.15224871488871627	0.5110869550274948	0.08773808445649345
0.43956900000000004	0.0	0.0	0.0	0.0	127.47501	-23652.249428277402	1.3425165702285399e-5	0.12838838777430314	0.12252797697635258	0.14134767170497825	0.5190127767399089	0.08872318680446167
0.43956900000000004	0.0	0.0	0.0	0.0	131.8707	-15288.459679578447	1.7077319857451648e-5	0.10206899403222969	0.07668032287532539	0.13079286341916457	0.6332709371604741	0.0571868825128093
0.43956900000000004	0.0	0.0	0.0	0.0	136.26639	-9612.748656516735	3.0991027339051692e-6	0.09290038737181618	0.03410565026360647	0.1237007334728907	0.7134198072181752	0.035873421673512686
0.43956900000000004	0.0	0.0	0.0	0.0	140.66208	-8226.560915349937	5.14406991793653e-6	0.10915035884050954	0.0142162998912394	0.09710184231003262	0.7488279979476533	0.030703501010565667
0.43956900000000004	0.0	0.0	0.0	0.0	145.05777	-8485.913804139165	9.124240915781458e-7	0.07608665419331104	0.00754933752742457	0.07073697023932396	0.8139744233969961	0.03165261464294508
0.43956900000000004	0.0	0.0	0.0	0.0	149.45346	-12915.043834065431	0.0003745601146076213	0.12959405940969193	0.014816516296369157	0.1019280187189457	0.7055428815396194	0.04811852403537665
0.43956900000000004	0.0	0.0	0.0	0.0	153.84915	-7999.396733181169	7.303799642576651e-6	0.07126444965137413	0.01612240547332889	0.08959945122258325	0.7932025850102639	0.029811108642451595
0.43956900000000004	0.0	0.0	0.0	0.0	158.24484	-5034.988547998552	1.2116526685496806e-5	0.06232370430013956	0.011802415062639373	0.10058091169095063	0.8066619517644468	0.01863101718182411
0.43956900000000004	0.0	0.0	0.0	0.0	162.64053	-4061.3663097811095	1.9099889356514726e-6	0.05081053578612754	0.00636666840354632	0.10148025234078109	0.8263326831656967	0.015009860303848861
0.43956900000000004	0.0	0.0	0.0	0.0	167.03622000000001	-3309.8436673150177	7.077371796139002e-6	0.02581939796191719	0.002656727742541499	0.10455518782535132	0.8547594213330112	0.012209265137179532
0.43956900000000004	0.0	0.0	0.0	0.0	171.43191000000002	-2959.6637252406517	1.2218131584847103e-5	0.013058762134525146	0.0018747636428091464	0.12004012008983005	0.8541609344307091	0.010865419702128584
0.43956900000000004	0.0	0.0	0.0	0.0	175.82760000000002	-2971.178705987797	7.322862173867741e-6	0.007867859321015516	0.0026301618642544026	0.11133979901296552	0.8672672258501256	0.010894953951639183
0.43956900000000004	0.0	0.0	0.0	0.0	180.22329	-2435.8863096159926	3.923691163428296e-6	0.007169631949308938	0.004678714501227408	0.1303263343445641	0.8488785966820448	0.008946722522854958
