Speed	av	del_av	ar	del_ar	LongSpeed	az	del_az	PF1Down	PF0	PF1Up	PF2	PExc
0.30687	0.0	0.0	0.0	0.0	-61.373999999999995	-769.9582673002915	4.098858582544151e-6	0.36042862539125853	0.13562669740162298	0.2007232107667437	0.30014494759891597	0.0030765188414595477
0.30687	0.0	0.0	0.0	0.0	-46.030499999999996	-1075.646366990592	8.56110420926287e-6	0.42614504974207457	0.15054443715411803	0.14434311155242383	0.274629581146861	0.004337820404523806
0.30687	0.0	0.0	0.0	0.0	-30.686999999999998	-1801.843961056255	4.7041220470311553e-7	0.6112626084818341	0.18339189084660656	0.0751259011989454	0.12289813506855107	0.007321464404062576
0.30687	0.0	0.0	0.0	0.0	-15.343499999999999	-2286.1574855251397	3.4315295388369248e-6	0.8128900891125872	0.12156022766894041	0.01736551342423455	0.038868531197190415	0.009315638597049527
0.30687	0.0	0.0	0.0	0.0	-9.2061	-2671.10210226976	4.183191381494019e-6	0.8374089212584167	0.09700263436223344	0.015946659781559135	0.03874315362382407	0.010898630973966338
0.30687	0.0	0.0	0.0	0.0	-3.0686999999999998	-3313.010288931682	2.951338425688977e-6	0.8407043783104824	0.07786824053294715	0.019477725837014154	0.04841069930705673	0.013538956012500266
0.30687	0.0	0.0	0.0	0.0	-1.5343499999999999	-3517.74044600231	4.981917291436039e-8	0.8419675198589196	0.07289096578734679	0.020623524475697815	0.050134571580852	0.014383418297184158
0.30687	0.0	0.0	0.0	0.0	1.5343499999999999	-3901.2571883059163	2.1769730043623528e-7	0.8459903343399784	0.060297860381428044	0.0231901039252145	0.054559009561446235	0.015962691791933947
0.30687	0.0	0.0	0.0	0.0	3.0686999999999998	-4156.3359825370235	1.4831794204771855e-10	0.8453345689069134	0.054699263312244895	0.024994360633367036	0.05796316563975082	0.01700864150772316
0.30687	0.0	0.0	0.0	0.0	6.1373999999999995	-4798.554052747724	1.213255494922234e-6	0.8400804374167548	0.042886233439968426	0.028975071671616413	0.0684103679696185	0.019647889502041545
0.30687	0.0	0.0	0.0	0.0	9.2061	-5579.089433534939	3.288810192349141e-10	0.829318689398541	0.03356925057493192	0.03506610260901584	0.07918923080718876	0.022856726610322092
0.30687	0.0	0.0	0.0	0.0	12.274799999999999	-6637.038718966985	7.804359590114966e-8	0.8092244445908636	0.024637754840159166	0.04309428952807144	0.09583566236754758	0.02720784867336106
0.30687	0.0	0.0	0.0	0.0	15.343499999999999	-7810.7995436760375	3.494983128074934e-6	0.7803938176041161	0.019570323114921066	0.05249859790235396	0.11550313621785513	0.03203412516075365
0.30687	0.0	0.0	0.0	0.0	18.4122	-9552.094693209849	7.97960373088313e-7	0.7323602344782649	0.01986859256759753	0.06632417411276897	0.1422560790069915	0.03919091983437913
0.30687	0.0	0.0	0.0	0.0	21.4809	-11911.914026133529	1.1814311874548033e-5	0.666862330931461	0.021741833749433444	0.08228353103165065	0.18023029586821226	0.04888200841924497
0.30687	0.0	0.0	0.0	0.0	24.549599999999998	-15509.987862457636	6.058467271795187e-6	0.55505319666764	0.028979409328597466	0.11597610511281853	0.2363041928710487	0.06368709601989661
0.30687	0.0	0.0	0.0	0.0	27.618299999999998	-19389.3059366964	3.4954911170342596e-6	0.4385442138604685	0.04053126145159926	0.14407581421528237	0.2972015935314762	0.0796471169411768
0.30687	0.0	0.0	0.0	0.0	30.686999999999998	-23270.946158498034	5.872703972482305e-7	0.31382367645280085	0.05045684119188534	0.1794455035507882	0.36063284597839945	0.09564113282612988
0.30687	0.0	0.0	0.0	0.0	33.7557	-25619.698077458885	6.56204938149477e-6	0.22768683137425424	0.05819434180757701	0.2008755561935014	0.4079209875160357	0.105322283108636
0.30687	0.0	0.0	0.0	0.0	36.8244	-26837.66499029197	2.8124120089609273e-7	0.18461830873810153	0.06576666520048251	0.2015289355924804	0.4377394624417691	0.11034662802717041
0.30687	0.0	0.0	0.0	0.0	39.8931	-27235.767528692322	3.202563735386495e-6	0.15499021204313645	0.061404228302657154	0.21914156075540547	0.45248038728720796	0.1119836116115978
0.30687	0.0	0.0	0.0	0.0	42.9618	-28319.76875864182	1.1813281929483226e-6	0.13230408536703342	0.06251269549967595	0.22225917217481603	0.4665033279939119	0.11642071896456871
0.30687	0.0	0.0	0.0	0.0	46.030499999999996	-27287.62192704182	6.526420913132142e-6	0.13903153381820899	0.06440782408168204	0.23543351850035177	0.44899102468117635	0.11213609891858556
0.30687	0.0	0.0	0.0	0.0	49.099199999999996	-27471.534121654044	6.7021368591194695e-6	0.1553616517391011	0.06293385176316975	0.23476358045074017	0.434082406620828	0.11285850942616596
0.30687	0.0	0.0	0.0	0.0	52.167899999999996	-27443.164594028713	2.5529401676492294e-6	0.14960320775482097	0.062098021656921076	0.24124621320017287	0.4343189415939429	0.11273361579414697
0.30687	0.0	0.0	0.0	0.0	55.236599999999996	-28130.09053340003	4.629532981389777e-6	0.15879544460956452	0.05897214861668644	0.22250777124943777	0.44415723912096655	0.1155673964033494
0.30687	0.0	0.0	0.0	0.0	58.305299999999995	-27372.711002054337	5.3206850175759865e-6	0.17811485460246923	0.059686101409654274	0.2241409746445381	0.42560045667286694	0.11245761267047569
0.30687	0.0	0.0	0.0	0.0	61.373999999999995	-27886.11456390964	5.710157828528534e-6	0.16592316140481803	0.0618333798903631	0.22239864370829476	0.4352809672608855	0.11456384773564338
0.30687	0.0	0.0	0.0	0.0	64.4427	-27950.863072722765	5.621898624702987e-6	0.17849774697671023	0.0645584714834747	0.22840351923171875	0.41374299755104404	0.11479726475705707
0.30687	0.0	0.0	0.0	0.0	67.5114	-27586.234062749416	2.1928341019689404e-6	0.17599575755556063	0.06477358352924226	0.2333317906739758	0.41261575534277684	0.11328311289844942
0.30687	0.0	0.0	0.0	0.0	70.58009999999999	-27582.615612625716	1.615060637701803e-6	0.18518425970573543	0.059975214499742614	0.24471175532357403	0.3968483844070012	0.11328038606395066
0.30687	0.0	0.0	0.0	0.0	73.6488	-27449.438583678755	2.9190228444749295e-6	0.19771537483294185	0.05984236443824985	0.22197893857244397	0.4077133920580519	0.11274993009831684
0.30687	0.0	0.0	0.0	0.0	76.7175	-28244.056344560617	6.586173073743901e-7	0.1896091799021766	0.06081927314699323	0.21922017141223626	0.41429662452616445	0.11605475101243402
0.30687	0.0	0.0	0.0	0.0	79.7862	-27725.70831862965	4.982317634317123e-6	0.19141182121406808	0.05499454768963849	0.21654259368254522	0.42315250781573016	0.11389852959802255
0.30687	0.0	0.0	0.0	0.0	82.85489999999999	-27802.923408422925	1.1728056045171545e-6	0.185514584011342	0.06015395216582854	0.2245637757036923	0.4155523472498153	0.11421534086932604
0.30687	0.0	0.0	0.0	0.0	85.9236	-27234.973667752285	6.438955713889536e-6	0.18412095946564191	0.06371042455415134	0.21427168361484988	0.42601177257225553	0.11188515979310627
0.30687	0.0	0.0	0.0	0.0	88.9923	-26220.737822245268	5.924498017197833e-6	0.1823600885830164	0.05723260142707472	0.21352791526562187	0.4391664075096257	0.10771298721466496
0.30687	0.0	0.0	0.0	0.0	92.06099999999999	-24893.88779210159	2.9301882022408815e-6	0.17271324200620725	0.048753481774165275	0.1932387814250776	0.4830232682408755	0.10227122655367883
0.30687	0.0	0.0	0.0	0.0	95.12969999999999	-26083.08163131468	7.018735865255715e-5	0.17947651042558202	0.05152337382149894	0.18889580046481397	0.47296407156752285	0.10714024372058666
0.30687	0.0	0.0	0.0	0.0	98.19839999999999	-23772.462444157387	1.7330899227768817e-6	0.16230829670604785	0.04827021896630509	0.17394588360382945	0.5178428306185002	0.0976327701053211
0.30687	0.0	0.0	0.0	0.0	101.2671	-22145.235806033368	4.3907601124021675e-6	0.14742426736881545	0.04506106816471855	0.15907318614050825	0.5574908827837882	0.09095059554217211
0.30687	0.0	0.0	0.0	0.0	104.33579999999999	-20094.79458289917	5.405307130352733e-7	0.13753504471949918	0.039745487736518016	0.14104681245097572	0.5991571858599127	0.08251546923309745
0.30687	0.0	0.0	0.0	0.0	107.40449999999998	-16885.84133595169	9.35528526740275e-6	0.11598483645166291	0.03245654749081732	0.1184683556745798	0.6637657732259813	0.06932448715696105
0.30687	0.0	0.0	0.0	0.0	110.47319999999999	-12166.691528302783	1.3277153658463318e-6	0.0837432143027412	0.02231219114709029	0.08206217142111234	0.7619569212652748	0.0499255018637848
0.30687	0.0	0.0	0.0	0.0	113.5419	-8798.97508030156	3.6313952466199498e-6	0.05447860253367616	0.015233238550515562	0.05784166088967524	0.8363555336864287	0.036090964339705
0.30687	0.0	0.0	0.0	0.0	116.61059999999999	-6341.59557926176	1.2776353736253794e-5	0.040245817434853864	0.011196723957444206	0.04456235974090273	0.877994759758379	0.026000339108421193
0.30687	0.0	0.0	0.0	0.0	119.67929999999998	-5195.094489319473	1.7878015796236477e-6	0.03140385243960385	0.008455580056799838	0.04231421512155323	0.8965352583824657	0.021291093999578955
0.30687	0.0	0.0	0.0	0.0	122.74799999999999	-4450.685875273949	1.9467278044916886e-6	0.026168650806561396	0.006925562425113822	0.047258777086095424	0.9014173217924741	0.018229687889756936
0.30687	0.0	0.0	0.0	0.0	125.8167	-3940.630833715637	6.168448620369593e-6	0.023306975624713403	0.006048108342317291	0.05813333571814106	0.8963780059042757	0.016133574410553277
0.30687	0.0	0.0	0.0	0.0	128.8854	-3403.706905696526	2.7394699817088887e-6	0.01809069563518667	0.00470996921618747	0.07518673227492167	0.8880877659180049	0.013924836955700909
0.30687	0.0	0.0	0.0	0.0	131.95409999999998	-3007.8939256780145	1.96311484475271e-6	0.015681887040751033	0.004129406078878854	0.09663616296834822	0.8712564459877006	0.012296097924322607
0.30687	0.0	0.0	0.0	0.0	135.0228	-2688.341135360878	2.741601782298049e-7	0.01328977220304217	0.0034410707870188954	0.12045613349336315	0.8518334240947767	0.010979599421798318
0.30687	0.0	0.0	0.0	0.0	138.0915	-2415.487297130051	1.4975830272408932e-6	0.011692638822732603	0.00309198309650458	0.14426502089938112	0.8310927078751676	0.009857649306215036
0.30687	0.0	0.0	0.0	0.0	141.16019999999997	-2212.455852682994	2.6935561958729483e-6	0.010781009850925338	0.0027664566085224464	0.1685800144758763	0.8088535560033759	0.009018963061301613
0.30687	0.0	0.0	0.0	0.0	144.22889999999998	-1997.7197977777566	1.152180128608984e-5	0.009402845091726848	0.0025607484505684166	0.18863326881185438	0.7912690900482171	0.00813404759763349
0.30687	0.0	0.0	0.0	0.0	147.2976	-1829.3311361267301	1.2685370257339712e-6	0.008727447535933353	0.0023906413557067854	0.20888480832964368	0.7725570975748062	0.007440005203910977
0.30687	0.0	0.0	0.0	0.0	150.3663	-1645.8377669462361	3.5920199463246697e-6	0.007461180842832368	0.002420596412907027	0.2230362772180003	0.7603968232249394	0.006685122301323145
0.30687	0.0	0.0	0.0	0.0	153.435	-1502.632076792543	4.25485283254654e-6	0.006403015017754187	0.002709616190112723	0.23771200279576093	0.7470800923775746	0.0060952736187986824
0.30687	0.0	0.0	0.0	0.0	156.50369999999998	-1370.1378984009182	1.3503183648421432e-6	0.006505564240325146	0.0032993405014135795	0.24994720901336326	0.7346954557012821	0.005552430543616743
