Speed	av	del_av	ar	del_ar	LongSpeed	az	del_az	PF1Down	PF0	PF1Up	PF2	PExc
0.43956900000000004	0.0	0.0	0.0	0.0	-87.91380000000001	-930.9861371230794	5.739091358426339e-7	0.368067932527482	0.14351254770740463	0.21534877797248958	0.26965752678351423	0.0034132150091104167
0.43956900000000004	0.0	0.0	0.0	0.0	-65.93535	-1317.4132216372204	2.5292673345970273e-6	0.4459327920993158	0.16503322344484583	0.16247534853495957	0.22168753778667202	0.00487109813420729
0.43956900000000004	0.0	0.0	0.0	0.0	-43.956900000000005	-2031.1999649435177	1.773884611870977e-6	0.6219505518856412	0.18735447266132627	0.07692591241872712	0.10621860360610436	0.007550459428200515
0.43956900000000004	0.0	0.0	0.0	0.0	-21.978450000000002	-2749.85091690798	1.1416280568133798e-6	0.8028581239360578	0.12646591614012737	0.01859183432342256	0.04183306443604717	0.01025106116434409
0.43956900000000004	0.0	0.0	0.0	0.0	-13.18707	-3246.249247815834	1.7699074077423391e-6	0.8326441034063137	0.09997307602958498	0.016785906727554048	0.0384806168724212	0.012116296964126612
0.43956900000000004	0.0	0.0	0.0	0.0	-4.39569	-4057.044098016538	9.044297421486668e-11	0.8343051363150931	0.08049696292608094	0.020892537969702873	0.04914002808353684	0.01516533470558552
0.43956900000000004	0.0	0.0	0.0	0.0	-2.197845	-4301.58419436549	1.0314184971583668e-10	0.8342970207936378	0.07537303465901969	0.0218769764332444	0.05236391606282359	0.016089052051276823
0.43956900000000004	0.0	0.0	0.0	0.0	2.197845	-4756.200680450288	1.1156349193653477e-10	0.8397689984151548	0.06199646766322571	0.024158535704620433	0.05627586466988907	0.01780013354711092
0.43956900000000004	0.0	0.0	0.0	0.0	4.39569	-5053.712805922783	2.403362851783961e-10	0.839445635698099	0.056399009222347384	0.02642478064170925	0.05881093699676916	0.018919637441074295
0.43956900000000004	0.0	0.0	0.0	0.0	8.79138	-5700.267731950574	8.684953992376148e-6	0.8374409795398208	0.04482480274128216	0.02962112759571847	0.06675510802553308	0.02135798209764693
0.43956900000000004	0.0	0.0	0.0	0.0	13.18707	-6513.667559135783	1.310413222849959e-10	0.8296643983264791	0.03290861028763363	0.03602723407321076	0.0769770392962417	0.02442271801643631
0.43956900000000004	0.0	0.0	0.0	0.0	17.58276	-7690.672549094794	2.6395795794773355e-6	0.8075693561908275	0.02661983007097273	0.04375956060600762	0.09319718577692927	0.02885406735526447
0.43956900000000004	0.0	0.0	0.0	0.0	21.978450000000002	-9108.663986255882	1.8843143277139659e-6	0.7794903357365626	0.021488876503480116	0.05252602420497389	0.11230081257465387	0.03419395098033227
0.43956900000000004	0.0	0.0	0.0	0.0	26.37414	-10971.08498581857	1.7980235725274025e-6	0.739159940776879	0.020453375566533476	0.0643470078553228	0.13483385037255607	0.041205825428708834
0.43956900000000004	0.0	0.0	0.0	0.0	30.76983	-13436.468655121284	1.0552216817633112e-5	0.6789955657186926	0.02217144716006025	0.07916189034146166	0.16919443309398047	0.05047666368580857
0.43956900000000004	0.0	0.0	0.0	0.0	35.16552	-16762.562916184987	5.160120076361687e-6	0.5848788137270812	0.02592057855440117	0.10908948100897456	0.21712193102799462	0.06298919568155097
0.43956900000000004	0.0	0.0	0.0	0.0	39.56121	-21135.723067102725	1.4536441286614757e-6	0.4586587747626275	0.03813770443527456	0.14173164155612245	0.28202174995719737	0.07945012928878095
0.43956900000000004	0.0	0.0	0.0	0.0	43.956900000000005	-25272.8857300954	1.1999413677021295e-6	0.34015654588805033	0.04785017120087846	0.17586258005416155	0.3410706857092567	0.09506001714765644
0.43956900000000004	0.0	0.0	0.0	0.0	48.35259	-28782.54227901109	4.6656230955484146e-8	0.2339773755400015	0.05688311316089084	0.20287711388215107	0.39794575444950103	0.10831664296746014
0.43956900000000004	0.0	0.0	0.0	0.0	52.74828	-30440.353207774486	8.994614699677374e-7	0.18615714147065174	0.0657914399411718	0.2057876274828359	0.42768643022648767	0.11457736087885637
0.43956900000000004	0.0	0.0	0.0	0.0	57.14397	-30747.20107092022	4.431881539301692e-6	0.15820138765593855	0.060071998629172924	0.2172688454475596	0.4487329721771304	0.11572479609020278
0.43956900000000004	0.0	0.0	0.0	0.0	61.53966	-30947.568477885117	2.4693989970342986e-7	0.14664757150991775	0.06137490556793179	0.2248774017467206	0.45064297264345593	0.11645714853197876
0.43956900000000004	0.0	0.0	0.0	0.0	65.93535	-30321.860055361678	3.8030736573358165e-6	0.147938352518654	0.06284087287654375	0.23273121057144375	0.4424193377812741	0.11407022625208917
0.43956900000000004	0.0	0.0	0.0	0.0	70.33104	-30401.385459650784	1.067832429254801e-6	0.17994776042920643	0.059545121597226316	0.22813802362704028	0.4180381154421289	0.11433097890440343
0.43956900000000004	0.0	0.0	0.0	0.0	74.72673	-30719.549883837746	2.292778553719325e-6	0.14353297280665894	0.06314929503868194	0.23819246611346617	0.4396026076482775	0.11552265839292061
0.43956900000000004	0.0	0.0	0.0	0.0	79.12242	-30406.354923017665	2.913450462738729e-7	0.17314036451477613	0.05973845642324554	0.21993603576542503	0.4328422129948933	0.11434293030166534
0.43956900000000004	0.0	0.0	0.0	0.0	83.51811000000001	-30491.874243153343	1.1281946758473122e-6	0.153846892584446	0.06015647632537834	0.227022576194481	0.4442774510859915	0.11469660380970903
0.43956900000000004	0.0	0.0	0.0	0.0	87.91380000000001	-30193.22113089111	1.9978839705195734e-5	0.16440326882434936	0.06245257363520894	0.2175959569720386	0.44200264324669386	0.11354555732171306
0.43956900000000004	0.0	0.0	0.0	0.0	92.30949	-29600.89651822365	3.6120554097731476e-6	0.15622153725609905	0.06522268142718143	0.2303249535714614	0.43693681583676003	0.11129401190850194
0.43956900000000004	0.0	0.0	0.0	0.0	96.70518	-30361.149169340515	6.138829985306626e-6	0.1612698672066096	0.06447345712235289	0.22277240337319776	0.4373476877958586	0.11413658450198573
0.43956900000000004	0.0	0.0	0.0	0.0	101.10087	-30292.15801727949	6.589696866184198e-6	0.16828595766206364	0.06299459001198644	0.23181022064981976	0.4230241249580044	0.11388510671813079
0.43956900000000004	0.0	0.0	0.0	0.0	105.49656	-30353.041639460727	1.6192772008421028e-7	0.17095394234227246	0.06293316984951725	0.2182273239124513	0.4337385561225924	0.11414700777317158
0.43956900000000004	0.0	0.0	0.0	0.0	109.89225	-29623.03235811878	2.1454721401629698e-6	0.1703619209988012	0.06001642987691086	0.21843001359167988	0.439768923143551	0.11142271238906172
0.43956900000000004	0.0	0.0	0.0	0.0	114.28794	-30101.376411956575	6.310569348677791e-6	0.1754839151540591	0.05976225954331647	0.21675588674808885	0.43478307007160416	0.11321486848293599
0.43956900000000004	0.0	0.0	0.0	0.0	118.68363000000001	-29678.876412593734	3.2267483665093237e-6	0.17691554290937728	0.06050180910837759	0.21254798561451776	0.4384225033950832	0.11161215897264812
0.43956900000000004	0.0	0.0	0.0	0.0	123.07932	-30332.09210362116	3.340956438117415e-6	0.16765352335205067	0.0641883816372278	0.21622188312871826	0.43787026846772353	0.11406594341428472
0.43956900000000004	0.0	0.0	0.0	0.0	127.47501	-29615.229842819677	1.308193045901306e-5	0.1712686228934979	0.06063517518961234	0.20752227635497	0.44919162986436945	0.11138229569755503
0.43956900000000004	0.0	0.0	0.0	0.0	131.8707	-29254.020432890542	2.9350974293184217e-6	0.18204946612044817	0.054421121607914014	0.19782614303036794	0.45568344716589315	0.11001982207538216
0.43956900000000004	0.0	0.0	0.0	0.0	136.26639	-27554.236075549572	3.519153822395706e-6	0.16854867855560435	0.05005070814288905	0.18769809863377263	0.49007942281963235	0.10362309184810474
0.43956900000000004	0.0	0.0	0.0	0.0	140.66208	-26678.355477917998	1.908968642756153e-6	0.17021207676991298	0.050416811232946834	0.17596406800348427	0.5031027786621636	0.10030426533149603
0.43956900000000004	0.0	0.0	0.0	0.0	145.05777	-26366.6862029527	2.9597157321062418e-6	0.15036308899094547	0.04836032499045776	0.16270460717511168	0.5394360805512133	0.09913589829227663
0.43956900000000004	0.0	0.0	0.0	0.0	149.45346	-24661.428801338912	2.2826675530339865e-6	0.1470857842179067	0.04196732640203876	0.15000246671028436	0.5682279069075853	0.09271651576218916
0.43956900000000004	0.0	0.0	0.0	0.0	153.84915	-19195.91095383935	1.3449296667095918e-6	0.11297330600737934	0.03300151643876116	0.11512223336805608	0.6667396675617738	0.07216327662403363
0.43956900000000004	0.0	0.0	0.0	0.0	158.24484	-14391.122649678171	2.459419570987945e-6	0.08799132915728904	0.023879063243908344	0.08331149409388396	0.750725448413369	0.05409266509155357
0.43956900000000004	0.0	0.0	0.0	0.0	162.64053	-11091.286988044676	5.875088619864207e-6	0.06084200196321889	0.01720058773121617	0.06632176251748934	0.8139585458049902	0.0416771019830861
0.43956900000000004	0.0	0.0	0.0	0.0	167.03622000000001	-8735.329302301856	1.0446980944021127e-5	0.050840385942791576	0.013222324053161635	0.05542402753921824	0.8477007376979669	0.032812524766864026
0.43956900000000004	0.0	0.0	0.0	0.0	171.43191000000002	-7319.732606822301	7.111400289750969e-6	0.040060341357604126	0.010339694112230739	0.054919223568041055	0.8672003300961982	0.027480410865925564
0.43956900000000004	0.0	0.0	0.0	0.0	175.82760000000002	-6295.135667226563	3.022695657746074e-6	0.03308490455278072	0.00899623299038555	0.06200678061395916	0.872286030489105	0.02362605135377123
0.43956900000000004	0.0	0.0	0.0	0.0	180.22329	-5418.6084329164605	1.1868832364097436e-5	0.026582465938881063	0.007261655928032957	0.07630244237456632	0.8695305067249215	0.02032292903359935
