Speed	av	del_av	ar	del_ar	LongSpeed	az	del_az	PF1Down	PF0	PF1Up	PF2	PExc
0.43956900000000004	0.0	0.0	0.0	0.0	-87.91380000000001	-253.09554772508955	1.3354621847274717e-6	0.28979276458599884	0.11084827390772696	0.2535695600408433	0.3449111103527576	0.0008782911126740391
0.43956900000000004	0.0	0.0	0.0	0.0	-65.93535	-481.7376290728707	2.031366485201098e-6	0.34017873627537004	0.14974542440667366	0.2753495893218497	0.23298661582835511	0.0017396341677516788
0.43956900000000004	0.0	0.0	0.0	0.0	-43.956900000000005	-772.8114926708656	9.155253033531245e-7	0.5456699641660177	0.23724115255589756	0.17188621778144997	0.0423685550762284	0.002834110420406497
0.43956900000000004	0.0	0.0	0.0	0.0	-21.978450000000002	-780.0106480475054	1.4869237771574197e-6	0.7199177807513657	0.24652753223272483	0.007392405436994787	0.02329859051857707	0.0028636910603395595
0.43956900000000004	0.0	0.0	0.0	0.0	-13.18707	-1144.590510244505	1.6163982550261404e-7	0.6841009048353576	0.2639067154327328	0.012456295427560733	0.035297969752308034	0.004238114552041821
0.43956900000000004	0.0	0.0	0.0	0.0	-4.39569	-1488.4165375524985	5.784194418242113e-11	0.7060876973840318	0.22333916696086417	0.01825188754166464	0.04678862533783257	0.005532622775606403
0.43956900000000004	0.0	0.0	0.0	0.0	-2.197845	-1589.364553798407	1.751652935763132e-11	0.7186774844268912	0.20964997524158477	0.019592504979347343	0.046167503541948304	0.005912531810228824
0.43956900000000004	0.0	0.0	0.0	0.0	2.197845	-1823.0324357172412	2.963353681274053e-7	0.7395939164984687	0.17111144210226972	0.023741052242524804	0.05876001970215236	0.0067935694545839765
0.43956900000000004	0.0	0.0	0.0	0.0	4.39569	-1965.9540913929081	1.198759851398314e-10	0.7569023185663937	0.1510960427765478	0.026507034373099665	0.058161732560237205	0.007332871723721768
0.43956900000000004	0.0	0.0	0.0	0.0	8.79138	-2268.8826559768613	1.409936726737188e-6	0.7890980844243644	0.09828805001454496	0.031083359884149505	0.07305543853792605	0.008475067139016605
0.43956900000000004	0.0	0.0	0.0	0.0	13.18707	-2541.678235373291	1.5889617027398167e-10	0.827535189563179	0.049245073036808695	0.036554907657012234	0.07715893736073356	0.009505892382266925
0.43956900000000004	0.0	0.0	0.0	0.0	17.58276	-2803.29324572177	5.360701862628931e-7	0.837963935486668	0.02440530531078798	0.043341584515215734	0.08379596786774285	0.010493206819584804
0.43956900000000004	0.0	0.0	0.0	0.0	21.978450000000002	-3237.249938145726	4.0645878013771e-7	0.8279138537476343	0.012233688686968199	0.04875986511904573	0.09896503107560697	0.012127561370744642
0.43956900000000004	0.0	0.0	0.0	0.0	26.37414	-3937.9603420568505	3.432672535297783e-6	0.793511533565668	0.00973335418936696	0.06167214744297871	0.12031743478023955	0.01476553002174772
0.43956900000000004	0.0	0.0	0.0	0.0	30.76983	-5009.153857674661	1.909232494068433e-6	0.7400530563940688	0.012161400806396466	0.07711679529908252	0.15187321904405088	0.018795528456402706
0.43956900000000004	0.0	0.0	0.0	0.0	35.16552	-6481.328478123459	7.05352156785831e-6	0.6645266349309515	0.0204801809559144	0.1038597293117847	0.18680395114492576	0.02432950365642482
0.43956900000000004	0.0	0.0	0.0	0.0	39.56121	-8703.86966843076	3.1430659135043738e-6	0.5291409469176123	0.030484776519693155	0.15136665416199066	0.25632056108460405	0.032687061316100885
0.43956900000000004	0.0	0.0	0.0	0.0	43.956900000000005	-11275.406017089217	3.696075754500398e-6	0.38222182739891675	0.040938447636769876	0.19880369092958422	0.3356854554247155	0.042350578610016745
0.43956900000000004	0.0	0.0	0.0	0.0	48.35259	-13350.898132660632	7.116406682481939e-6	0.22589904865819316	0.061231872961300775	0.231892020825479	0.4308127576448006	0.05016429991022919
0.43956900000000004	0.0	0.0	0.0	0.0	52.74828	-14166.271145851922	5.00810966152835e-7	0.16164058765542078	0.06304011546345653	0.23753286566330709	0.4845433328356642	0.053243098382154005
0.43956900000000004	0.0	0.0	0.0	0.0	57.14397	-14178.50289407227	7.317167130753244e-7	0.146141838139968	0.06970624614116719	0.23784584718639362	0.4930182713555093	0.05328779717696407
0.43956900000000004	0.0	0.0	0.0	0.0	61.53966	-13989.05308030131	4.366955222738738e-6	0.1477876617175633	0.0668680343248854	0.24263760272046847	0.49014937269268866	0.05255732854439739
0.43956900000000004	0.0	0.0	0.0	0.0	65.93535	-14172.947945721442	3.3372252556851305e-6	0.15367397264783353	0.07540674318641952	0.25079301039718216	0.46690705203295646	0.05321922173561028
0.43956900000000004	0.0	0.0	0.0	0.0	70.33104	-13873.844554204868	6.568193070941861e-7	0.1862360152772558	0.06808448173140556	0.2612397752495387	0.4323590121006205	0.05208071564118175
0.43956900000000004	0.0	0.0	0.0	0.0	74.72673	-14217.895371893108	1.5409566778505179e-6	0.1971642510004134	0.07129951681170915	0.2586473498412097	0.4195418248856061	0.053347057461063795
0.43956900000000004	0.0	0.0	0.0	0.0	79.12242	-13908.076564631383	5.621670416512434e-6	0.18627706092460114	0.08291191653425399	0.251412462154334	0.42722105383887443	0.05217750654793826
0.43956900000000004	0.0	0.0	0.0	0.0	83.51811000000001	-14261.605014540259	1.1798434818671775e-6	0.20774590375190366	0.06943573043449627	0.2328159978308495	0.436484044909308	0.053518323073445534
0.43956900000000004	0.0	0.0	0.0	0.0	87.91380000000001	-13756.806515809876	3.956331801074141e-7	0.1964669916894785	0.0714135019402012	0.22541373610318438	0.4550696364569099	0.05163613381022779
0.43956900000000004	0.0	0.0	0.0	0.0	92.30949	-13704.347191626539	1.4099975182199759e-6	0.20397605393585533	0.07949360309349864	0.23023285857531137	0.4348680102141465	0.05142947418118955
0.43956900000000004	0.0	0.0	0.0	0.0	96.70518	-13973.164946331766	2.5824278806852327e-6	0.2190841955480071	0.0849770621045168	0.2441831149603447	0.3993507977647792	0.052404829622354376
0.43956900000000004	0.0	0.0	0.0	0.0	101.10087	-13844.171463912742	4.59799143845631e-6	0.22215380142113242	0.07371160802327316	0.24204019210087185	0.4101752909498913	0.051919107504833695
0.43956900000000004	0.0	0.0	0.0	0.0	105.49656	-13859.639002648959	1.0987954917223565e-6	0.2278733977212608	0.07354211992791672	0.24377108999012279	0.4028357591186671	0.051977633242035484
0.43956900000000004	0.0	0.0	0.0	0.0	109.89225	-14161.319248549817	5.997204931043391e-7	0.2345917005493504	0.0804358247536982	0.24787536201834892	0.38394479264437437	0.05315232003423028
0.43956900000000004	0.0	0.0	0.0	0.0	114.28794	-13409.920903221217	5.021945969245385e-7	0.2355408887019112	0.07558027119663446	0.21878798392123078	0.4197529079468434	0.050337948233381426
0.43956900000000004	0.0	0.0	0.0	0.0	118.68363000000001	-14303.630267433111	5.093363147885605e-6	0.23979981169848807	0.08577151610142521	0.23623381165805904	0.38451405130096017	0.053680809241070576
0.43956900000000004	0.0	0.0	0.0	0.0	123.07932	-13389.824530323878	5.510184730280791e-6	0.23474319610726674	0.0790586135341589	0.21273416655256164	0.4232229706954275	0.05024105311058598
0.43956900000000004	0.0	0.0	0.0	0.0	127.47501	-14762.371738496277	1.5101597833987544e-6	0.24992917943600443	0.09144777258025644	0.22668373396059363	0.3765155397499893	0.05542377427315922
0.43956900000000004	0.0	0.0	0.0	0.0	131.8707	-13566.33470357263	3.644187181769986e-6	0.242528127627343	0.08239039910254398	0.19566349013968753	0.4284914899372284	0.05092649319319952
0.43956900000000004	0.0	0.0	0.0	0.0	136.26639	-14260.921802966668	2.2506545903736503e-5	0.26156986459250336	0.08175551495877861	0.22347589862166622	0.37965447569510147	0.05354424613195303
0.43956900000000004	0.0	0.0	0.0	0.0	140.66208	-14132.959823251922	2.5470112145150733e-6	0.26234848046396136	0.07990959637504214	0.20928310976205222	0.3953959719896569	0.0530628414092901
0.43956900000000004	0.0	0.0	0.0	0.0	145.05777	-12662.613498913803	1.4038109703825934e-5	0.2284091724814251	0.0700429972429993	0.17090271119130424	0.4830993132926727	0.04754580579160094
0.43956900000000004	0.0	0.0	0.0	0.0	149.45346	-11413.880848840347	1.5538294911026758e-6	0.2080260364009031	0.062477235566308416	0.140484297616155	0.546143147140793	0.04286928327584314
0.43956900000000004	0.0	0.0	0.0	0.0	153.84915	-11403.483211749852	2.389021990871356e-6	0.21271926752645137	0.059662228574695074	0.14105695388688486	0.5437480932576534	0.04281345675431693
0.43956900000000004	0.0	0.0	0.0	0.0	158.24484	-9910.630290910412	5.4476110145399755e-6	0.17248359529173243	0.0521372174352161	0.1208433611031435	0.6173385264773208	0.037197299692589586
0.43956900000000004	0.0	0.0	0.0	0.0	162.64053	-7476.669105958089	3.539459677310128e-7	0.14706186613345307	0.035749049502657795	0.0780996882338024	0.7110418183188102	0.028047577811277785
0.43956900000000004	0.0	0.0	0.0	0.0	167.03622000000001	-5239.96646101089	5.2536956054212145e-6	0.0950433866082065	0.024662055168767804	0.04881295015537352	0.8118522839976099	0.019629324070042736
0.43956900000000004	0.0	0.0	0.0	0.0	171.43191000000002	-3469.583528033695	1.6787407813529785e-6	0.05784929592175834	0.017947995112560663	0.028374559265092095	0.8828517713663673	0.01297637833422244
0.43956900000000004	0.0	0.0	0.0	0.0	175.82760000000002	-2416.488938707281	3.2179905465874565e-6	0.03376560427740533	0.012497851095542058	0.022160819737555734	0.9225507643612285	0.009024960528268823
0.43956900000000004	0.0	0.0	0.0	0.0	180.22329	-1841.0724899818415	1.2110387505855148e-6	0.023420081323772303	0.00888678537680903	0.027154609018232065	0.9336714900176027	0.006867034263584926
