Speed	av	del_av	ar	del_ar	LongSpeed	az	del_az	PF1Down	PF0	PF1Up	PF2	PExc
0.43956900000000004	0.0	0.0	0.0	0.0	-87.91380000000001	-1193.9700355009568	1.8855916433950567e-6	0.5328179442689374	0.21187361859307619	0.14227925465056046	0.10861797718272065	0.0044112053047062425
0.43956900000000004	0.0	0.0	0.0	0.0	-65.93535	-1261.4836324035211	3.8667011812166114e-6	0.7979153413384227	0.16613655881345693	0.01202317857302304	0.0192639745934512	0.004660946681647495
0.43956900000000004	0.0	0.0	0.0	0.0	-43.956900000000005	-2497.159811922525	2.9556187852471284e-7	0.8022557465571867	0.13186691127697775	0.01730102587897942	0.03926337636045012	0.009312939926406026
0.43956900000000004	0.0	0.0	0.0	0.0	-21.978450000000002	-4610.0759508951305	6.608056126492984e-7	0.8498966206365917	0.022901876481162316	0.03854514230905111	0.07138405824427127	0.01727230232892385
0.43956900000000004	0.0	0.0	0.0	0.0	-13.18707	-6743.186454519257	1.9903983267955827e-7	0.8011951937176991	0.012861184784145614	0.055640660495257364	0.10499982265664995	0.025303138346249296
0.43956900000000004	0.0	0.0	0.0	0.0	-4.39569	-10622.788887961222	8.843585806988196e-11	0.6758055002266052	0.02043995433660782	0.09238440380401843	0.17147545732528474	0.03989468430748476
0.43956900000000004	0.0	0.0	0.0	0.0	-2.197845	-12104.84294459088	1.894362120431628e-11	0.6174823937203637	0.023263332242409663	0.11158070519412057	0.20221620733233653	0.04545736151077221
0.43956900000000004	0.0	0.0	0.0	0.0	2.197845	-15919.842794329412	2.802127627949101e-11	0.4787052972760337	0.03268636657781854	0.15617966258736685	0.27260824900950353	0.05982042454927947
0.43956900000000004	0.0	0.0	0.0	0.0	4.39569	-17513.739442231778	2.2236922616084255e-11	0.413897121585048	0.0387654234088813	0.17686559525018586	0.30464470678421035	0.06582715297167772
0.43956900000000004	0.0	0.0	0.0	0.0	8.79138	-21378.387087796305	3.7502834317908497e-11	0.25883498601652755	0.05308463111666387	0.22068112752799235	0.3870008967583954	0.08039835858042368
0.43956900000000004	0.0	0.0	0.0	0.0	13.18707	-23554.705680631643	9.87382397209618e-11	0.18735110134470212	0.06062236197246722	0.22472027572719658	0.4386738578950351	0.08863240306060191
0.43956900000000004	0.0	0.0	0.0	0.0	17.58276	-24165.35306140499	4.048079322979587e-8	0.1505801226739297	0.06606308091423323	0.23179294704185344	0.46062435361439	0.09093949575559848
0.43956900000000004	0.0	0.0	0.0	0.0	21.978450000000002	-24333.669451648435	7.81319973104077e-7	0.15195618345499845	0.06404362522187212	0.23008217141721693	0.46237271619453485	0.09154530371138207
0.43956900000000004	0.0	0.0	0.0	0.0	26.37414	-24070.29693489078	3.311601880710087e-7	0.1424736209775474	0.06668991785571139	0.24963189265583585	0.45067631836527666	0.09052825014563291
0.43956900000000004	0.0	0.0	0.0	0.0	30.76983	-23610.91316033144	3.5002540866521593e-7	0.17452034313803727	0.06584382854354282	0.24835941786641952	0.422517136577272	0.08875927387473287
0.43956900000000004	0.0	0.0	0.0	0.0	35.16552	-23763.458777617343	9.759081658010214e-7	0.17992524839617977	0.06335022220438312	0.2562627817040911	0.41115385455104764	0.08930789314430217
0.43956900000000004	0.0	0.0	0.0	0.0	39.56121	-23639.00463240216	3.398085566962251e-6	0.16995639788481565	0.07361265852362124	0.24473901776109014	0.42286636141990086	0.0888255644105759
0.43956900000000004	0.0	0.0	0.0	0.0	43.956900000000005	-23762.023659917355	3.319055456265194e-8	0.1874297066829081	0.06354827802799504	0.23010008809324362	0.42961903693753145	0.08930289025832537
0.43956900000000004	0.0	0.0	0.0	0.0	48.35259	-23968.190249919175	2.724884027737829e-6	0.18360026827859702	0.06588641675406262	0.22566773220794065	0.43474571564270986	0.09009986711669389
0.43956900000000004	0.0	0.0	0.0	0.0	52.74828	-23158.21101491714	5.368957990797011e-7	0.18711360957585876	0.07182181940951593	0.23262747991430077	0.42140504970344694	0.08703204139688168
0.43956900000000004	0.0	0.0	0.0	0.0	57.14397	-23700.769490912888	4.10721939675859e-6	0.19225813724805832	0.07433099678110112	0.2308970238489932	0.41347906949893437	0.08903477262291654
0.43956900000000004	0.0	0.0	0.0	0.0	61.53966	-23862.162849873563	1.1984724509868722e-6	0.19197030703492135	0.06911035648469874	0.23547847703881306	0.4138069000047875	0.08963395943678377
0.43956900000000004	0.0	0.0	0.0	0.0	65.93535	-24925.18199354403	3.1285369238156055e-6	0.20958260611753632	0.06621087367991063	0.23761174846308142	0.3929438968940536	0.09365087484542158
0.43956900000000004	0.0	0.0	0.0	0.0	70.33104	-23301.1155687205	9.863897672332225e-7	0.2057173215312562	0.0696755723827998	0.2257307125659024	0.41130240238548427	0.08757399113456021
0.43956900000000004	0.0	0.0	0.0	0.0	74.72673	-23930.26314614854	9.403191669751263e-6	0.21287667794120696	0.06892710183230827	0.22370146081455788	0.40453833253646476	0.08995642687546582
0.43956900000000004	0.0	0.0	0.0	0.0	79.12242	-23079.05847238641	3.4624371393586844e-6	0.19852647405424556	0.06953146050711605	0.218213492119067	0.42699827855115535	0.08673029476842031
0.43956900000000004	0.0	0.0	0.0	0.0	83.51811000000001	-23839.673385220256	4.160503637791539e-6	0.22084328444833062	0.07208622479000747	0.22200896680756518	0.3954674555968607	0.0895940683572393
0.43956900000000004	0.0	0.0	0.0	0.0	87.91380000000001	-23870.61588316003	5.2757271667857575e-6	0.20039741298635957	0.07664103164505344	0.20541874748184324	0.4278288286186114	0.08971397926813673
0.43956900000000004	0.0	0.0	0.0	0.0	92.30949	-24307.023272644685	4.922979713090398e-6	0.21852473651402243	0.07079179417850114	0.2056512854427622	0.41365339170960225	0.09137879215511663
0.43956900000000004	0.0	0.0	0.0	0.0	96.70518	-22401.561182973117	1.3110923092491136e-5	0.20733012521603797	0.06449146424847663	0.19414913259427408	0.4498225382669502	0.08420673967426467
0.43956900000000004	0.0	0.0	0.0	0.0	101.10087	-22097.009960463038	3.756891417056831e-7	0.2069334530377784	0.06297241964481874	0.1887701382595183	0.45826735445731265	0.083056634600576
0.43956900000000004	0.0	0.0	0.0	0.0	105.49656	-23170.221221250336	2.9021924186206064e-6	0.2114831538905791	0.06557772123069644	0.18339682176839436	0.45245474069389185	0.08708756241644212
0.43956900000000004	0.0	0.0	0.0	0.0	109.89225	-20023.36922008549	2.8284183538241447e-6	0.181083562531985	0.056960642236666664	0.15533251807572196	0.5313767330005685	0.07524654415506057
0.43956900000000004	0.0	0.0	0.0	0.0	114.28794	-15535.561089515533	2.0855218346179014e-5	0.14165576038835492	0.04231791816234874	0.11037726341625438	0.6472585521235671	0.058390505909477454
0.43956900000000004	0.0	0.0	0.0	0.0	118.68363000000001	-11934.732185163239	1.213657312896261e-6	0.10375625076607409	0.031086611729061332	0.08248071037376739	0.7378404645108136	0.04483596262028449
0.43956900000000004	0.0	0.0	0.0	0.0	123.07932	-9926.350354373033	1.0394920501477832e-5	0.08890507924718016	0.02397253731226913	0.06452935592562342	0.7853168802411724	0.037276147273756374
0.43956900000000004	0.0	0.0	0.0	0.0	127.47501	-8380.915875016253	2.03607228067575e-6	0.0722194582947859	0.01883615233089867	0.05197198329793682	0.825516868655291	0.03145553742108788
0.43956900000000004	0.0	0.0	0.0	0.0	131.8707	-6971.955430320118	1.0514359965787232e-5	0.06294008443798177	0.016733940371743094	0.04432659553279311	0.8498437109886949	0.026155668668788705
0.43956900000000004	0.0	0.0	0.0	0.0	136.26639	-5377.579208917589	1.7985710506259735e-6	0.04104371613349971	0.012088238489345572	0.041562509854904964	0.8851406368484681	0.020164898673783772
0.43956900000000004	0.0	0.0	0.0	0.0	140.66208	-4169.440004386174	6.40475305561448e-6	0.029480292626956936	0.009415098706806093	0.0484009447605806	0.8970814016838045	0.015622262221852765
0.43956900000000004	0.0	0.0	0.0	0.0	145.05777	-3324.2113111145654	6.095930372241474e-6	0.023303716997360543	0.0070364095049539445	0.06611420015585756	0.8911029193715331	0.012442753970296575
0.43956900000000004	0.0	0.0	0.0	0.0	149.45346	-2716.498597726616	2.945557283977409e-6	0.01787025302818164	0.005365426234704013	0.09577896231995219	0.8708322894164933	0.010153069000669744
0.43956900000000004	0.0	0.0	0.0	0.0	153.84915	-2277.3894464515306	1.7143983296495284e-6	0.015365178294919197	0.004233384076882781	0.12988742099577377	0.8420132987783979	0.008500717854026183
0.43956900000000004	0.0	0.0	0.0	0.0	158.24484	-1947.2985489949137	5.545786413446417e-6	0.0135108228689928	0.0033401614373231477	0.16443434758652586	0.8114558720448146	0.00725879606234391
0.43956900000000004	0.0	0.0	0.0	0.0	162.64053	-1671.8658567191144	2.6752066539551217e-6	0.011287462307531177	0.0027550423702380803	0.19355297858722145	0.7861839345852977	0.006220582149711956
0.43956900000000004	0.0	0.0	0.0	0.0	167.03622000000001	-1464.2583277733722	2.0812058849645885e-7	0.01024956834128466	0.0022751637576547737	0.22014080309303075	0.7618943809379293	0.005440083870097923
0.43956900000000004	0.0	0.0	0.0	0.0	171.43191000000002	-1274.8312573258074	3.911106428578464e-6	0.008644069810610569	0.0018608616332708382	0.24017120541019335	0.744597405593193	0.00472645755273223
0.43956900000000004	0.0	0.0	0.0	0.0	175.82760000000002	-1135.6980799058194	1.591567279663774e-6	0.007877785497323193	0.0017673258932084889	0.26029914940794907	0.7258533959816507	0.004202343219868935
0.43956900000000004	0.0	0.0	0.0	0.0	180.22329	-997.4813872161445	7.845938713221907e-7	0.006328224844407584	0.0015481463315238475	0.27154082853447303	0.7169009705950193	0.0036818296945749333
0.43956900000000004	0.0	0.0	0.0	0.0	184.61898	-906.6619413191609	7.691183122467543e-7	0.006357058893926984	0.0015690168637652472	0.2886077836971412	0.7001253751090484	0.0033407654361181658
0.43956900000000004	0.0	0.0	0.0	0.0	189.01467	-795.349229487331	9.9668167430857e-7	0.004647993825131308	0.0023580955584978154	0.2923454312834387	0.6977256460805523	0.002922833252380675
0.43956900000000004	0.0	0.0	0.0	0.0	193.41036	-720.1598806149086	9.021652378012069e-7	0.004535293383136177	0.0041967637727248815	0.3006641958263161	0.6879673586169451	0.002636388400877403
0.43956900000000004	0.0	0.0	0.0	0.0	197.80605	-652.6221852659976	3.153680198940538e-6	0.003952440596338938	0.007483559784018086	0.30709463896173944	0.6790880747927297	0.002381285865174963
0.43956900000000004	0.0	0.0	0.0	0.0	202.20174	-581.5096118736841	4.544417525685697e-6	0.0027401647765896023	0.011773739693574717	0.30450970253837817	0.6788644313949208	0.002111961596536656
0.43956900000000004	0.0	0.0	0.0	0.0	206.59743	-533.1012166464305	4.3435808284414606e-7	0.002725056454272917	0.01722724815091575	0.30600095136515876	0.6721166027149272	0.0019301413147229034
0.43956900000000004	0.0	0.0	0.0	0.0	210.99312	-493.4881204651233	1.9854503881164877e-6	0.002639385785469255	0.023358214109932218	0.30848191132375996	0.6637401611701819	0.0017803276106580354
0.43956900000000004	0.0	0.0	0.0	0.0	215.38881	-460.1822626044664	6.39879832252823e-7	0.0035607120136015146	0.029883511279533495	0.31157899321531213	0.6533239711627139	0.0016528123288389682
0.43956900000000004	0.0	0.0	0.0	0.0	219.7845	-432.0379251138676	1.9175469860937126e-6	0.006063050113624125	0.036570003712055085	0.314668387450564	0.641152064817623	0.0015464939061344113
0.43956900000000004	0.0	0.0	0.0	0.0	224.18019	-417.7070355340271	6.298207836494521e-6	0.012961277577191292	0.04288458395820659	0.31907075476973096	0.6235913670848902	0.0014920166099806533
