Speed	av	del_av	ar	del_ar	LongSpeed	az	del_az	PF1Down	PF0	PF1Up	PF2	PExc
0.43956900000000004	0.0	0.0	0.0	0.0	-87.91380000000001	-253.09554620246635	1.0213793665850547e-6	0.2897927645692515	0.11084827390142099	0.2535695600510552	0.34491111036523175	0.0008782911130403966
0.43956900000000004	0.0	0.0	0.0	0.0	-65.93535	-481.73763091782064	2.789957212546319e-6	0.34017873627162787	0.14974542440380964	0.2753495893241361	0.23298661583232902	0.0017396341680975102
0.43956900000000004	0.0	0.0	0.0	0.0	-43.956900000000005	-772.8114903042293	6.153325977625668e-7	0.5456699641590816	0.2372411525640694	0.1718862177821968	0.04236855507474701	0.002834110419905402
0.43956900000000004	0.0	0.0	0.0	0.0	-21.978450000000002	-780.0106481093583	1.5331214419928054e-6	0.7199177807502368	0.2465275322329223	0.007392405437205608	0.023298590519233733	0.0028636910604022004
0.43956900000000004	0.0	0.0	0.0	0.0	-13.18707	-1144.5905106347582	3.6923624979197595e-7	0.6841009048398515	0.2639067154319418	0.01245629542628971	0.03529796975024895	0.004238114551668089
0.43956900000000004	0.0	0.0	0.0	0.0	-4.39569	-1488.416537552532	2.88438983966852e-11	0.7060876973840314	0.22333916696086537	0.01825188754166475	0.04678862533783275	0.00553262277560643
0.43956900000000004	0.0	0.0	0.0	0.0	-2.197845	-1589.364553614588	1.8377297435316594e-7	0.7186774844260395	0.2096499752415632	0.01959250497967418	0.04616750354236165	0.005912531810361681
0.43956900000000004	0.0	0.0	0.0	0.0	2.197845	-1823.0324354209229	1.3422996669094305e-11	0.7395939164986253	0.17111144210230123	0.02374105224242257	0.05876001970217895	0.006793569454473701
0.43956900000000004	0.0	0.0	0.0	0.0	4.39569	-1965.9540913929454	6.727831897161608e-11	0.7569023185663948	0.15109604277654812	0.026507034373099765	0.05816173256023701	0.007332871723721774
0.43956900000000004	0.0	0.0	0.0	0.0	8.79138	-2268.882658418854	8.377877971953093e-11	0.7890980844214883	0.09828805001551469	0.03108335988462527	0.0730554385390307	0.008475067139340427
0.43956900000000004	0.0	0.0	0.0	0.0	13.18707	-2541.6782353732306	1.3578107782902635e-10	0.8275351895631805	0.04924507303680894	0.03655490765701232	0.07715893736073261	0.009505892382266866
0.43956900000000004	0.0	0.0	0.0	0.0	17.58276	-2803.293244966246	9.751594422483258e-7	0.8379639354769621	0.024405305311906964	0.04334158451828162	0.08379596787245344	0.010493206820395859
0.43956900000000004	0.0	0.0	0.0	0.0	21.978450000000002	-3237.249938998931	7.274359859078982e-7	0.8279138537416293	0.012233688687345076	0.04875986512117684	0.09896503107842829	0.012127561371419984
0.43956900000000004	0.0	0.0	0.0	0.0	26.37414	-3937.9603378134257	1.9239133217777243e-6	0.7935115335433003	0.00973335419054667	0.061672147450055594	0.12031743479370621	0.01476553002239167
0.43956900000000004	0.0	0.0	0.0	0.0	30.76983	-5009.1538577142965	1.928984906920079e-6	0.7400530563908604	0.012161400806530475	0.07711679530029945	0.15187321904549617	0.018795528456814158
0.43956900000000004	0.0	0.0	0.0	0.0	35.16552	-6481.328466936981	5.3267079483195286e-6	0.6645266349319601	0.020480180954126796	0.10385972931027879	0.18680395114378745	0.02432950365984796
0.43956900000000004	0.0	0.0	0.0	0.0	39.56121	-8703.86967107515	1.076787064301489e-6	0.5291409469476647	0.03048477651775946	0.15136665415268982	0.2563205610688565	0.032687061313030855
0.43956900000000004	0.0	0.0	0.0	0.0	43.956900000000005	-11275.40601394727	2.408594644444313e-6	0.3822218273980009	0.04093844763621596	0.19880369093060235	0.3356854554245865	0.04235057861059496
0.43956900000000004	0.0	0.0	0.0	0.0	48.35259	-13350.898135137113	1.185290760121412e-5	0.22589904865650062	0.06123187296076345	0.2318920208239454	0.4308127576486408	0.05016429991015116
0.43956900000000004	0.0	0.0	0.0	0.0	52.74828	-14166.271145351076	4.237675276764519e-10	0.1616405876497241	0.06304011546322373	0.2375328656651088	0.4845433328396575	0.05324309838228804
0.43956900000000004	0.0	0.0	0.0	0.0	57.14397	-14178.502895229587	6.851411878182466e-7	0.14614183813159048	0.06970624613942245	0.2378458471871092	0.49301827136501714	0.053287797176863355
0.43956900000000004	0.0	0.0	0.0	0.0	61.53966	-13989.0530840298	4.946650617300605e-6	0.1477876617233091	0.06686803432569383	0.2426376027199581	0.49014937268564607	0.05255732854539494
0.43956900000000004	0.0	0.0	0.0	0.0	65.93535	-14172.947944838874	3.3371577341581442e-6	0.15367397265155142	0.07540674318720963	0.2507930103972897	0.4669070520279603	0.053219221735991494
0.43956900000000004	0.0	0.0	0.0	0.0	70.33104	-13873.844545033464	3.75215865477759e-7	0.18623601528687528	0.06808448173324141	0.26123977524987785	0.4323590120909068	0.052080715639101306
0.43956900000000004	0.0	0.0	0.0	0.0	74.72673	-14217.895368414485	1.0353852904794601e-6	0.1971642509876509	0.07129951681010713	0.2586473498439905	0.41954182490036107	0.0533470574578932
0.43956900000000004	0.0	0.0	0.0	0.0	79.12242	-13908.076564517032	5.494812285151297e-6	0.18627706090932566	0.08291191653086889	0.2514124621581434	0.4272210538554224	0.05217750654624159
0.43956900000000004	0.0	0.0	0.0	0.0	83.51811000000001	-14261.605023023232	2.650584567928877e-6	0.20774590374143911	0.06943573043808436	0.23281599783947554	0.43648404490750053	0.0535183230735018
0.43956900000000004	0.0	0.0	0.0	0.0	87.91380000000001	-13756.806516298135	7.722387217943678e-7	0.19646699168748627	0.07141350194030469	0.22541373610304105	0.4550696364588585	0.05163613381031108
0.43956900000000004	0.0	0.0	0.0	0.0	92.30949	-13704.347191980063	1.559038128431536e-6	0.20397605393433096	0.07949360308689658	0.2302328585768334	0.43486801022031385	0.051429474181627216
0.43956900000000004	0.0	0.0	0.0	0.0	96.70518	-13973.164948792866	4.523034288659306e-6	0.21908419555015732	0.0849770621048184	0.24418311496243317	0.39935079776045596	0.052404829622137196
0.43956900000000004	0.0	0.0	0.0	0.0	101.10087	-13844.17146556222	3.6649965745374607e-6	0.22215380141469215	0.07371160802305976	0.2420401921008059	0.4101752909563137	0.05191910750513132
0.43956900000000004	0.0	0.0	0.0	0.0	105.49656	-13859.639001789452	2.076051696641414e-6	0.22787339771267506	0.07354211992316725	0.2437710899868694	0.40283575913571235	0.05197763324157803
0.43956900000000004	0.0	0.0	0.0	0.0	109.89225	-14161.31924856392	9.55383490770018e-7	0.2345917005373286	0.08043582475159969	0.24787536201934693	0.38394479265767767	0.05315232003404875
0.43956900000000004	0.0	0.0	0.0	0.0	114.28794	-13409.920909267803	3.1689925209354205e-6	0.23554088868259504	0.07558027119570199	0.21878798392250828	0.41975290796999	0.05033794822920533
0.43956900000000004	0.0	0.0	0.0	0.0	118.68363000000001	-14303.630264368365	6.961061258857634e-6	0.23979981170955603	0.08577151610451982	0.23623381165274926	0.3845140512935603	0.05368080923961662
0.43956900000000004	0.0	0.0	0.0	0.0	123.07932	-13389.82452833895	2.9388665711232652e-6	0.23474319609735125	0.07905861353136348	0.21273416654686084	0.4232229707129214	0.05024105311150552
0.43956900000000004	0.0	0.0	0.0	0.0	127.47501	-14762.371733956214	2.995356122767085e-6	0.24992917939441112	0.09144777257678643	0.22668373396391095	0.3765155397929606	0.055423774271932666
0.43956900000000004	0.0	0.0	0.0	0.0	131.8707	-13566.33470389434	1.4842995762974564e-6	0.24252812760133974	0.08239039909029888	0.1956634901159126	0.42849149000040737	0.05092649319204297
0.43956900000000004	0.0	0.0	0.0	0.0	136.26639	-14260.921819113777	1.4530081782605776e-5	0.2615698646210289	0.08175551495694876	0.22347589861224548	0.37965447569427413	0.053544246115505255
0.43956900000000004	0.0	0.0	0.0	0.0	140.66208	-14132.959825859802	1.5954533043946433e-6	0.2623484804940075	0.07990959637012182	0.20928310975238884	0.39539597197705917	0.05306284140642486
0.43956900000000004	0.0	0.0	0.0	0.0	145.05777	-12662.613471731906	1.4765659600472604e-5	0.228409172488677	0.07004299724182739	0.17090271118716616	0.48309931329737826	0.047545805784953474
0.43956900000000004	0.0	0.0	0.0	0.0	149.45346	-11413.88085075474	1.8797627111226518e-6	0.20802603639308187	0.06247723556598875	0.14048429761739445	0.5461431471463769	0.04286928327715988
0.43956900000000004	0.0	0.0	0.0	0.0	153.84915	-11403.483214758573	1.2937003446208622e-6	0.2127192675304812	0.05966222857375488	0.14105695388355913	0.5437480932584746	0.04281345675373204
0.43956900000000004	0.0	0.0	0.0	0.0	158.24484	-9910.63028477138	5.055625172208136e-6	0.17248359529858312	0.05213721743777187	0.12084336111001807	0.6173385264605904	0.03719729969303858
0.43956900000000004	0.0	0.0	0.0	0.0	162.64053	-7476.669106759026	8.938591721374269e-7	0.14706186613050007	0.03574904950293943	0.07809968823543305	0.7110418183198774	0.028047577811250873
0.43956900000000004	0.0	0.0	0.0	0.0	167.03622000000001	-5239.966459783199	6.246796819024784e-6	0.09504338660490678	0.024662055168469962	0.048812950154934136	0.8118522840019987	0.019629324069689896
0.43956900000000004	0.0	0.0	0.0	0.0	171.43191000000002	-3469.583523813844	5.212640017544238e-6	0.05784929592507789	0.017947995113491967	0.028374559265962142	0.8828517713597666	0.012976378335702069
0.43956900000000004	0.0	0.0	0.0	0.0	175.82760000000002	-2416.488949644203	2.4767693689501063e-6	0.033765604268006746	0.012497851091827609	0.022160819731148786	0.9225507643785007	0.009024960530516365
0.43956900000000004	0.0	0.0	0.0	0.0	180.22329	-1841.0724892932694	1.4652830355096834e-6	0.02342008132421132	0.008886785377077185	0.027154609019273405	0.9336714900156043	0.006867034263835127
