Speed	av	del_av	ar	del_ar	LongSpeed	az	del_az	PF1Down	PF0	PF1Up	PF2	PExc
0.43956900000000004	0.0	0.0	0.0	0.0	-87.91380000000001	-1316.7398843840651	2.1954202052701117e-6	0.3885875216014687	0.1347219816967968	0.1713480962095404	0.3004813568792366	0.0048610436129574355
0.43956900000000004	0.0	0.0	0.0	0.0	-65.93535	-1857.3529610947382	5.981289165884695e-6	0.45805444709257026	0.1431384360804886	0.12420379964722614	0.2677105301943364	0.006892786985378234
0.43956900000000004	0.0	0.0	0.0	0.0	-43.956900000000005	-3110.1007118637554	5.270939338449677e-7	0.617152789072126	0.15490176498170263	0.07370199634679422	0.14264456945249496	0.011598880146881013
0.43956900000000004	0.0	0.0	0.0	0.0	-21.978450000000002	-4132.531953432894	4.435826620154939e-6	0.776354930718371	0.09796610275223122	0.026139542313074464	0.08408966142086916	0.01544976279545454
0.43956900000000004	0.0	0.0	0.0	0.0	-13.18707	-4726.06407697347	5.336237738772333e-6	0.8160633923596395	0.07638766310028425	0.022785011858753753	0.06707454840922865	0.01768938427209365
0.43956900000000004	0.0	0.0	0.0	0.0	-4.39569	-5762.268778939482	1.0169533721899093e-5	0.8140035349925618	0.0635180913465271	0.025631879737220538	0.07525585142413661	0.021590642499554714
0.43956900000000004	0.0	0.0	0.0	0.0	-2.197845	-6096.578511002583	4.3281227047598346e-11	0.8101545490148516	0.06061645796260076	0.026767512956680024	0.07961166070078451	0.022849819365083256
0.43956900000000004	0.0	0.0	0.0	0.0	2.197845	-6865.138111705168	1.2844075628508222e-7	0.8003640468575932	0.05452784434218563	0.030254419052652172	0.08910909251770419	0.025744597229864174
0.43956900000000004	0.0	0.0	0.0	0.0	4.39569	-7283.512539200959	2.3402864328312656e-6	0.7966170425210706	0.05105160580287519	0.03229769212706475	0.09271459694933117	0.027319062599662033
0.43956900000000004	0.0	0.0	0.0	0.0	8.79138	-8278.708127848184	1.352121407335628e-6	0.7843681030036365	0.04425486159166757	0.03626457288544706	0.10404520285290156	0.031067259666348265
0.43956900000000004	0.0	0.0	0.0	0.0	13.18707	-9480.04997907566	1.9437938202229002e-8	0.7641840496675694	0.037469361792629635	0.042776017756957746	0.1199833903774796	0.03558718040536517
0.43956900000000004	0.0	0.0	0.0	0.0	17.58276	-10890.959669442072	2.6641081424610503e-6	0.7393030658588681	0.032577191535141166	0.05046901907594043	0.1367502545958272	0.04090046893422491
0.43956900000000004	0.0	0.0	0.0	0.0	21.978450000000002	-12675.80412931854	2.6309068486235365e-6	0.700227118776094	0.028864873422863903	0.060007376983239796	0.16328026624728983	0.04762036457051499
0.43956900000000004	0.0	0.0	0.0	0.0	26.37414	-14884.326592395353	5.012292928345654e-6	0.6526263066329833	0.027735906577957027	0.0730438013810574	0.1906571404424715	0.05593684496553335
0.43956900000000004	0.0	0.0	0.0	0.0	30.76983	-17741.92143981567	1.3957079205096061e-6	0.5844515072910585	0.02972856760277485	0.08914704521957932	0.22999001424640583	0.06668286564018416
0.43956900000000004	0.0	0.0	0.0	0.0	35.16552	-21651.234732605037	2.747883644169183e-6	0.4861135592368097	0.03699415959762918	0.11295503603339296	0.2825325857295616	0.08140465940260984
0.43956900000000004	0.0	0.0	0.0	0.0	39.56121	-25249.572569931173	8.8783030135789e-9	0.3978865812699824	0.043851614361228405	0.13404204714919365	0.3292590633293312	0.09496069389026765
0.43956900000000004	0.0	0.0	0.0	0.0	43.956900000000005	-29067.11880039482	9.809040274873892e-7	0.297237365359604	0.05148898148660473	0.15868676400279336	0.3832255372465296	0.10936135190447335
0.43956900000000004	0.0	0.0	0.0	0.0	48.35259	-31603.283755289314	2.153808570865663e-6	0.22893190962109433	0.0599505586164239	0.17587981231946648	0.4163017708427819	0.1189359486002382
0.43956900000000004	0.0	0.0	0.0	0.0	52.74828	-32830.59835195837	1.128881100570786e-6	0.18748856467226033	0.057897318972638	0.18879140175431086	0.44225106709773787	0.12357164750305748
0.43956900000000004	0.0	0.0	0.0	0.0	57.14397	-33501.7088083238	8.386755538535963e-7	0.15882911601679026	0.05574710009844431	0.19911952717911663	0.4602137029255934	0.12609055378006157
0.43956900000000004	0.0	0.0	0.0	0.0	61.53966	-33769.59561670077	1.156272721047899e-6	0.14572231977421046	0.058019368194426685	0.20804239057820031	0.4611337945045606	0.12708212694860727
0.43956900000000004	0.0	0.0	0.0	0.0	65.93535	-33201.94973471189	3.0563470013533076e-6	0.1536420502082146	0.057721860028150225	0.20893478314097977	0.4547815830937031	0.12491972352895685
0.43956900000000004	0.0	0.0	0.0	0.0	70.33104	-33502.98200042578	5.847245179637246e-7	0.13925626678916397	0.05807491171184953	0.20987738996325273	0.46674173837127547	0.12604969316446332
0.43956900000000004	0.0	0.0	0.0	0.0	74.72673	-33462.96660721069	6.046439326002926e-6	0.1375778560123007	0.058359010110337936	0.2116251827409557	0.46654981346997837	0.12588813766643334
0.43956900000000004	0.0	0.0	0.0	0.0	79.12242	-33408.04201041901	1.4754789476420059e-5	0.1413659031711131	0.056337827595055914	0.21307315506989288	0.46353103526034	0.1256920789036041
0.43956900000000004	0.0	0.0	0.0	0.0	83.51811000000001	-33026.84422539273	5.975685737291098e-6	0.13252234042282277	0.05810047397561102	0.20992697631828725	0.47518702683180064	0.12426318245148364
0.43956900000000004	0.0	0.0	0.0	0.0	87.91380000000001	-32459.450499094713	1.1150620078596555e-6	0.13633455026734173	0.05874467811082096	0.21539789006343668	0.4674161769166953	0.12210670464171067
0.43956900000000004	0.0	0.0	0.0	0.0	92.30949	-32056.7500524673	6.8378005327502914e-6	0.1273918279656587	0.06002644648450336	0.22109998367401362	0.47091723945442077	0.12056450242140898
0.43956900000000004	0.0	0.0	0.0	0.0	96.70518	-31552.79639581822	3.1361427950127117e-6	0.12862248233951076	0.05683235888072561	0.2214795528231548	0.4743857738915384	0.11867983206507557
0.43956900000000004	0.0	0.0	0.0	0.0	101.10087	-31546.725093324512	3.1253755522781936e-6	0.1257411688396541	0.05408948109644135	0.21316929491785944	0.48833618490077824	0.11866387024527099
0.43956900000000004	0.0	0.0	0.0	0.0	105.49656	-30469.331014106014	3.273568091864491e-6	0.13372983983554015	0.05407183647230308	0.20597159139748086	0.4916021453529652	0.11462458694171652
0.43956900000000004	0.0	0.0	0.0	0.0	109.89225	-32076.56660582666	1.0123130848500997e-6	0.13488702435818903	0.05450520604161223	0.21138589842049665	0.4785376816656419	0.12068418951406622
0.43956900000000004	0.0	0.0	0.0	0.0	114.28794	-31301.132350661	3.1605243643743114e-6	0.12736873141853602	0.05516151321443902	0.2099981115570619	0.48971767095529917	0.11775397285466885
0.43956900000000004	0.0	0.0	0.0	0.0	118.68363000000001	-31736.284695140268	4.366391186480868e-7	0.14066154468645467	0.056986330812802535	0.21244550392742187	0.47052408673019397	0.11938253384313198
0.43956900000000004	0.0	0.0	0.0	0.0	123.07932	-30699.178303296892	1.0727263644882159e-6	0.13150419150675177	0.05511810337564138	0.20762207786485137	0.4902804117682685	0.11547521548449213
0.43956900000000004	0.0	0.0	0.0	0.0	127.47501	-30596.716170585136	8.8541083948655e-6	0.1360907802718997	0.048419948400537496	0.1976001401965643	0.5027842221024427	0.11510490902856071
0.43956900000000004	0.0	0.0	0.0	0.0	131.8707	-26178.526704517244	5.681391512719231e-6	0.11728285500481703	0.04047484447082116	0.16965086926330764	0.5741132363225143	0.09847819493854394
0.43956900000000004	0.0	0.0	0.0	0.0	136.26639	-27037.889936048072	2.312038778678992e-5	0.12459729536181154	0.03989793712960171	0.17028355630571182	0.5635175784765206	0.1017036327263589
0.43956900000000004	0.0	0.0	0.0	0.0	140.66208	-28064.816939052256	1.6412779210650804e-6	0.128154071590335	0.04258517394646205	0.17233034960366228	0.5513844555702417	0.10554594928930329
0.43956900000000004	0.0	0.0	0.0	0.0	145.05777	-24212.28372177712	3.995339512247163e-6	0.11208744556572424	0.03505937265837211	0.1516708058009838	0.6101232906591877	0.09105908531573512
0.43956900000000004	0.0	0.0	0.0	0.0	149.45346	-20135.10755159952	1.4880394403621916e-6	0.09028676044207032	0.027790721428264564	0.11985174567094885	0.6863387874594249	0.07573198499929464
0.43956900000000004	0.0	0.0	0.0	0.0	153.84915	-22509.930109068377	2.9845880416248442e-6	0.09957226367591662	0.029335472637754344	0.13031009784574835	0.6561383980760231	0.08464376776456128
0.43956900000000004	0.0	0.0	0.0	0.0	158.24484	-19267.86748076849	1.127604349114436e-6	0.08459559263609297	0.023795467455339375	0.11365134815880389	0.7055218651798585	0.0724357265699089
0.43956900000000004	0.0	0.0	0.0	0.0	162.64053	-15844.712676848716	9.863327739382239e-6	0.06842672555956136	0.0188477348529285	0.10176419657342653	0.7514177858184431	0.05954355719564307
0.43956900000000004	0.0	0.0	0.0	0.0	167.03622000000001	-10865.275514609662	1.4910241837096387e-5	0.04405312027087733	0.013054928277399047	0.07867010022506982	0.8233928311574336	0.04082902006922216
0.43956900000000004	0.0	0.0	0.0	0.0	171.43191000000002	-8617.374759083163	4.972652070560919e-6	0.03524543991196442	0.009725919011075815	0.07452390084185109	0.8481296895164028	0.03237505071870827
0.43956900000000004	0.0	0.0	0.0	0.0	175.82760000000002	-7285.3917487335075	8.641887868013586e-6	0.028340884084419305	0.00816351749403685	0.07903899962679456	0.8571000299771497	0.027356568817600103
0.43956900000000004	0.0	0.0	0.0	0.0	180.22329	-6378.585385645606	2.6397256421099215e-6	0.024051127532679028	0.006827491182620548	0.09070075565539917	0.8544787762142971	0.02394184941500492
