Speed	av	del_av	ar	del_ar	LongSpeed	az	del_az	PF1Down	PF0	PF1Up	PF2	PExc
0.43956900000000004	0.0	0.0	0.0	0.0	-87.91380000000001	-797.4741563651319	8.611151301283973e-11	0.49381214213274527	0.12524380684553116	0.20920872349463882	0.1684067831734848	0.003328544353600653
0.43956900000000004	0.0	0.0	0.0	0.0	-65.93535	-1144.2682330117748	1.4471663773154567e-10	0.5986571094754113	0.13581409575554879	0.184400629802131	0.07629464790881098	0.004833517058099858
0.43956900000000004	0.0	0.0	0.0	0.0	-43.956900000000005	-1728.6949911056056	2.0774102801692973e-11	0.7226825680639963	0.14223129290940129	0.1065866803015458	0.02114381900137518	0.007355639723683244
0.43956900000000004	0.0	0.0	0.0	0.0	-21.978450000000002	-2479.7230721058845	1.1115279058539916e-11	0.8057373710675167	0.1370049345955235	0.021029581247848882	0.025631827547787516	0.010596285541323183
0.43956900000000004	0.0	0.0	0.0	0.0	-13.18707	-2945.267780778742	1.3778948796785315e-11	0.8089000713869754	0.12319157172300645	0.026377746387318563	0.028928661849892637	0.01260194865280231
0.43956900000000004	0.0	0.0	0.0	0.0	-4.39569	-3626.0111163065276	4.618380030078092e-11	0.8118866911570981	0.10614704895852747	0.0331207439046471	0.033308851490577274	0.01553666448915237
0.43956900000000004	0.0	0.0	0.0	0.0	-2.197845	-3818.7207621521793	1.736765694733932e-11	0.811657529201007	0.10178528434439785	0.03586190742110509	0.03432620415949103	0.01636907487400159
0.43956900000000004	0.0	0.0	0.0	0.0	2.197845	-4219.303095865956	1.5998661550642462e-11	0.8139632142146108	0.09430696281021123	0.036691135788514996	0.03694534041381206	0.018093346772853826
0.43956900000000004	0.0	0.0	0.0	0.0	4.39569	-4450.508343809991	1.1412392019241441e-11	0.8116194596739144	0.08968846342487735	0.038992305191207006	0.04060790649522994	0.019091865214773143
0.43956900000000004	0.0	0.0	0.0	0.0	8.79138	-5039.045445163831	1.7096328943344796e-6	0.8074632284083401	0.0793933874547871	0.04936605645351337	0.0421454283032026	0.02163189938015847
0.43956900000000004	0.0	0.0	0.0	0.0	13.18707	-5634.2679113716185	1.2853914877428226e-11	0.8008415531345661	0.07057753019988493	0.053437693300024194	0.050947382810775	0.024195840554754534
0.43956900000000004	0.0	0.0	0.0	0.0	17.58276	-6381.34334549476	7.375306374897519e-12	0.7915613395188402	0.0617772591810806	0.06434143137866674	0.05490208683448149	0.02741788308693345
0.43956900000000004	0.0	0.0	0.0	0.0	21.978450000000002	-7241.302938139977	7.33519087023629e-6	0.7744172571746457	0.05363038516646539	0.07771559037323239	0.06310889463417506	0.03112787265148354
0.43956900000000004	0.0	0.0	0.0	0.0	26.37414	-8235.809269937243	8.722038641666642e-12	0.7599055272111506	0.048192289023084346	0.08322240044572327	0.07325988655032095	0.035419896769722195
0.43956900000000004	0.0	0.0	0.0	0.0	30.76983	-9445.740078106273	9.786300595825804e-12	0.7263245083990008	0.042577907996084054	0.10933883654134022	0.08112470112934042	0.040634045934239804
0.43956900000000004	0.0	0.0	0.0	0.0	35.16552	-10914.933874664128	9.34850188751873e-12	0.7005501131711008	0.040721200267927526	0.11405958335924798	0.09770413532159258	0.04696496788013753
0.43956900000000004	0.0	0.0	0.0	0.0	39.56121	-12492.666173234684	3.159500417845035e-11	0.6370775519642378	0.037824945857434185	0.16228211845980503	0.10905993641281997	0.053755447305705834
0.43956900000000004	0.0	0.0	0.0	0.0	43.956900000000005	-14525.437627228424	2.8013195161434134e-11	0.5773247475758823	0.038441079081124235	0.1982036722646682	0.12351088180459735	0.06251961927373376
0.43956900000000004	0.0	0.0	0.0	0.0	48.35259	-16321.788048935136	1.3790753973833888e-11	0.47896302444794725	0.03639870567284623	0.28379843640011343	0.13058260198371366	0.07025723149538568
0.43956900000000004	0.0	0.0	0.0	0.0	52.74828	-18434.011694488156	1.4401114539077253e-11	0.39187749064358046	0.03708918270480477	0.3461199738572798	0.1455508949867156	0.07936245780762578
0.43956900000000004	0.0	0.0	0.0	0.0	57.14397	-19699.91292210884	1.5952601749569173e-11	0.30137047870653694	0.03579356541269037	0.43689474366505604	0.14111203585162574	0.08482917636409894
0.43956900000000004	0.0	0.0	0.0	0.0	61.53966	-22322.413838422322	9.843969336567542e-12	0.2691370468979939	0.04037220728674322	0.42397842975694594	0.1703839813740221	0.09612833468430243
0.43956900000000004	0.0	0.0	0.0	0.0	65.93535	-22505.11967132072	1.9080572001141908e-11	0.23605812639731422	0.04016334216417404	0.4518392653214929	0.17502027522892472	0.09691899088810162
0.43956900000000004	0.0	0.0	0.0	0.0	70.33104	-24996.775611902525	8.773801936712686e-12	0.24684146442555205	0.047757586162315055	0.39609296293190466	0.20165569787268	0.10765228860755711
0.43956900000000004	0.0	0.0	0.0	0.0	74.72673	-24411.53619424517	1.129467265600879e-6	0.20348884693161462	0.04369962480924924	0.45869822133083216	0.1889756176101725	0.10513768931814105
0.43956900000000004	0.0	0.0	0.0	0.0	79.12242	-25699.974398995142	1.4179301938461631e-11	0.19763480386236837	0.047215876031830056	0.4428689696350644	0.20160858291831113	0.11067176755243503
0.43956900000000004	0.0	0.0	0.0	0.0	83.51811000000001	-25145.987833990122	3.042312426119043e-11	0.19705146086082145	0.04783370037086725	0.44728918360666603	0.19955959029260248	0.10826606486905269
0.43956900000000004	0.0	0.0	0.0	0.0	87.91380000000001	-25527.28800267366	1.7676159466590563e-11	0.19148121134936602	0.049876651070023606	0.43001219093011794	0.21874001369225676	0.10988993295824483
0.43956900000000004	0.0	0.0	0.0	0.0	92.30949	-26118.615068469226	1.7129743838471657e-11	0.18899116703542934	0.0517870476598589	0.43649118695897904	0.2102793425330612	0.11245125581268187
0.43956900000000004	0.0	0.0	0.0	0.0	96.70518	-26586.111534096814	1.7261411754585537e-11	0.2001921764220898	0.055586936850767654	0.3964075065401239	0.2333389998587126	0.11447438032831685
0.43956900000000004	0.0	0.0	0.0	0.0	101.10087	-26655.28616968071	2.1721870740921214e-11	0.1911882412293461	0.05612242946741679	0.40048835517665404	0.23743228534137306	0.11476868878522081
0.43956900000000004	0.0	0.0	0.0	0.0	105.49656	-26539.94974309708	1.4211201420710319e-11	0.19748006285948536	0.05899364420902807	0.3924790601113899	0.23678098094719577	0.11426625187291042
0.43956900000000004	0.0	0.0	0.0	0.0	109.89225	-26726.593142325168	1.6150077370895718e-11	0.1936140687726422	0.05840636600185875	0.39004215296639544	0.24286443670734612	0.11507297555176878
0.43956900000000004	0.0	0.0	0.0	0.0	114.28794	-26185.681568281863	2.7934505821193953e-6	0.19455406664111835	0.0595837516701356	0.38628938182833844	0.24683539904604967	0.1127374008143686
0.43956900000000004	0.0	0.0	0.0	0.0	118.68363000000001	-26511.084692901735	4.7582621773532376e-12	0.19357013721932823	0.06081931044357415	0.39372413512823007	0.23773575698724114	0.11415066022163753
0.43956900000000004	0.0	0.0	0.0	0.0	123.07932	-25482.090102026898	1.513695862972861e-11	0.1913614828823736	0.05933760353786527	0.39001811542363307	0.24956887385934215	0.10971392429679554
0.43956900000000004	0.0	0.0	0.0	0.0	127.47501	-26448.37718095396	1.7076792417072456e-11	0.19502865443025114	0.061373963532403104	0.3883536692097226	0.24133458916240513	0.1139091236652276
0.43956900000000004	0.0	0.0	0.0	0.0	131.8707	-26198.190338415105	5.549039571841717e-12	0.1936183302765413	0.061649367792637355	0.3778045505981994	0.2541153867402108	0.1128123645924212
0.43956900000000004	0.0	0.0	0.0	0.0	136.26639	-26636.04125244944	1.9710925182625633e-11	0.20056454698830462	0.06424752224670752	0.3615223882886165	0.2589493915623058	0.1147161509140762
0.43956900000000004	0.0	0.0	0.0	0.0	140.66208	-27274.186230145304	2.2720390490134904e-11	0.2019420895724104	0.0653050894646463	0.35325495620035685	0.26202783347679237	0.117470031285805
0.43956900000000004	0.0	0.0	0.0	0.0	145.05777	-26881.86012372463	1.5046946184668295e-11	0.2028335528992835	0.06417421027888351	0.3548242131299698	0.26235981555626736	0.11580820813560715
0.43956900000000004	0.0	0.0	0.0	0.0	149.45346	-27400.71481466003	2.883365541492031e-11	0.20519843987444283	0.06592828284000965	0.3378702241293564	0.272960530708403	0.11804252244779904
0.43956900000000004	0.0	0.0	0.0	0.0	153.84915	-26684.063179935252	1.7261411754585537e-11	0.19737094926789228	0.06300328361765448	0.3578347881844245	0.2668409017897896	0.11495007714024912
0.43956900000000004	0.0	0.0	0.0	0.0	158.24484	-26731.324480915817	1.48957167566592e-11	0.19832424509788138	0.06330710884747785	0.3326241677617495	0.290591444989128	0.11515303330377402
0.43956900000000004	0.0	0.0	0.0	0.0	162.64053	-25696.49558772866	2.5800138237688827e-11	0.1876609930048393	0.060465723073132874	0.34757420613422196	0.2936068711601425	0.11069220662767275
0.43956900000000004	0.0	0.0	0.0	0.0	167.03622000000001	-26546.436319216868	1.964188495234746e-11	0.19876775735434332	0.06322496482179642	0.31435522467142707	0.3092688079028806	0.11438324524956378
0.43956900000000004	0.0	0.0	0.0	0.0	171.43191000000002	-25355.95098723457	3.030381743193976e-11	0.18542207057110308	0.06007035071797598	0.2990015754242118	0.34625156675431773	0.10925443653240154
0.43956900000000004	0.0	0.0	0.0	0.0	175.82760000000002	-21433.464899600152	2.4262471693114653e-11	0.15595614711301714	0.04944807703473515	0.26771919247749404	0.4345554589814405	0.09232112439332228
0.43956900000000004	0.0	0.0	0.0	0.0	180.22329	-17990.896397837376	2.352145080616534e-6	0.1312117654227862	0.042682714344178974	0.20787257770072048	0.5407652147288622	0.07746772780345929
0.43956900000000004	0.0	0.0	0.0	0.0	184.61898	-14465.552830099703	2.9091627377861276e-11	0.10138289836343296	0.03251126742170876	0.19989639606977277	0.6039478161975651	0.062261621947525846
0.43956900000000004	0.0	0.0	0.0	0.0	189.01467	-12192.45162444583	4.386900968356343e-12	0.08922163834011587	0.029367877627812115	0.13808796483941302	0.6908712171730067	0.052451302019656504
0.43956900000000004	0.0	0.0	0.0	0.0	193.41036	-10583.204116710082	6.700176301354501e-6	0.07589802295768641	0.02506825450012734	0.11550906831131373	0.7380130442047208	0.04551161002615611
0.43956900000000004	0.0	0.0	0.0	0.0	197.80605	-8866.564800356447	7.493318770218396e-12	0.0648713865174502	0.02184170659125246	0.0887357646797226	0.7864369469727199	0.038114195238861295
0.43956900000000004	0.0	0.0	0.0	0.0	202.20174	-7468.318742312479	8.735008223019048e-12	0.0523697620263875	0.017645963853688516	0.08822047039567482	0.8096661043627608	0.03209769936149172
0.43956900000000004	0.0	0.0	0.0	0.0	206.59743	-6237.684400743464	2.8701827987754354e-11	0.04421000917608561	0.015165331388253276	0.08731171992291628	0.8265139789133592	0.02679896059938897
0.43956900000000004	0.0	0.0	0.0	0.0	210.99312	-5365.26335942796	5.008758867423505e-6	0.03579549496477363	0.01222389884799114	0.13624305804538123	0.7926978884882436	0.02303965965361375
0.43956900000000004	0.0	0.0	0.0	0.0	215.38881	-4610.261202290335	4.558256223269438e-11	0.030432007805070604	0.010638335194855242	0.17091562041565164	0.7682305688474009	0.019783467737023892
0.43956900000000004	0.0	0.0	0.0	0.0	219.7845	-4012.517152184104	3.2627074479760295e-11	0.024760145449238727	0.008656046270168872	0.24400071962713607	0.7053814068612688	0.017201681792189328
0.43956900000000004	0.0	0.0	0.0	0.0	224.18019	-3455.931749531467	4.110461073926643e-12	0.02106667243128571	0.007533310258196629	0.2796273775154119	0.6769730083839671	0.014799631411140383
