Speed	av	del_av	ar	del_ar	LongSpeed	az	del_az	PF1Down	PF0	PF1Up	PF2	PExc
0.43956900000000004	0.0	0.0	0.0	0.0	-87.91380000000001	-550.1568278124512	2.9124347722483136e-5	0.3134958447729734	0.11760317625992756	0.23791052247920705	0.3290209822511496	0.0019694742367421052
0.43956900000000004	0.0	0.0	0.0	0.0	-65.93535	-832.8743857590354	7.593009800841757e-6	0.36230784645960895	0.14569664152478093	0.24730978967561934	0.2416540947260274	0.0030316276139641576
0.43956900000000004	0.0	0.0	0.0	0.0	-43.956900000000005	-1342.2873515928557	1.6901593675274013e-6	0.5002519042832427	0.21154367111634662	0.22642444770831582	0.05684152105991903	0.004938455832177093
0.43956900000000004	0.0	0.0	0.0	0.0	-21.978450000000002	-1874.4064935637016	3.2749008866781602e-6	0.654471040394867	0.230264717606589	0.07065957095451045	0.037684088980228514	0.0069205820638058866
0.43956900000000004	0.0	0.0	0.0	0.0	-13.18707	-1936.1722923920504	2.101487435802653e-6	0.6945387574391703	0.1919212275803416	0.07278033338846844	0.03362557795928496	0.007134103632734952
0.43956900000000004	0.0	0.0	0.0	0.0	-4.39569	-1677.575541870547	5.211189860847842e-11	0.8455916806425547	0.09945013978992415	0.02460186263384208	0.024217504821869792	0.00613881211180664
0.43956900000000004	0.0	0.0	0.0	0.0	-2.197845	-1793.682374305381	4.140999656004728e-11	0.8520860399044232	0.09175538781262713	0.024764759144568525	0.024822213583052397	0.006571599555327943
0.43956900000000004	0.0	0.0	0.0	0.0	2.197845	-2361.3521098957003	9.021597955357297e-11	0.8332177526590039	0.09595901576302386	0.030380509139722546	0.0317433121002686	0.008699410337981271
0.43956900000000004	0.0	0.0	0.0	0.0	4.39569	-2934.076428138492	2.7299168594472408e-11	0.8052332857446363	0.11113440427213338	0.0344153685379175	0.03836236814763863	0.010854573297676308
0.43956900000000004	0.0	0.0	0.0	0.0	8.79138	-3209.3638903324218	3.0715276288029225e-5	0.7661507727750819	0.14269209783802203	0.0441623029533651	0.03511446750112302	0.011880358932409064
0.43956900000000004	0.0	0.0	0.0	0.0	13.18707	-3044.953201363701	1.2997475337941732e-7	0.8085086949079593	0.10222058338876594	0.045416836912520304	0.03261101121506847	0.011242873575688055
0.43956900000000004	0.0	0.0	0.0	0.0	17.58276	-3128.419700581166	2.054059867718979e-6	0.8571093420062897	0.06891166444455997	0.02601601550372957	0.03643673875582083	0.011526239289600162
0.43956900000000004	0.0	0.0	0.0	0.0	21.978450000000002	-3528.146436881767	1.2617557479863862e-5	0.9062874575226314	0.03350577323678243	0.017765230234747402	0.029424288616155078	0.013017250389682773
0.43956900000000004	0.0	0.0	0.0	0.0	26.37414	-4713.91786629791	1.4563345425055392e-6	0.8944447899757954	0.020500702226830855	0.02141944323921087	0.046155413023622735	0.017479651534540896
0.43956900000000004	0.0	0.0	0.0	0.0	30.76983	-7006.206611388656	2.89717509941186e-6	0.7640025731465105	0.06704674630927422	0.039242174486190017	0.10376713795486522	0.02594136810316157
0.43956900000000004	0.0	0.0	0.0	0.0	35.16552	-6004.571976553318	9.251180395368339e-7	0.7799643000900837	0.056096476632177754	0.043944378449150646	0.09771825459755405	0.022276590231035415
0.43956900000000004	0.0	0.0	0.0	0.0	39.56121	-6120.665885717793	1.161896109010396e-7	0.7901067753161742	0.03776318550070875	0.05074402769384105	0.09865417733609927	0.022731834153178948
0.43956900000000004	0.0	0.0	0.0	0.0	43.956900000000005	-8870.537957947745	6.751044591225728e-6	0.75546161711408	0.02995134858821919	0.06072706565994127	0.1208326089411433	0.03302735969661727
0.43956900000000004	0.0	0.0	0.0	0.0	48.35259	-14883.44820054822	1.0722488221744086e-5	0.6646171567950465	0.026162371237601824	0.07206846231945216	0.1817031504032113	0.055448859244690146
0.43956900000000004	0.0	0.0	0.0	0.0	52.74828	-18822.040651952066	9.628940417441736e-6	0.5536829009854918	0.0431409820442525	0.0772720049829938	0.25567687403149786	0.0702272379557678
0.43956900000000004	0.0	0.0	0.0	0.0	57.14397	-19747.902571066068	1.9034487276040675e-5	0.39433727802997987	0.0640147067436348	0.09764024280158257	0.3700749936354793	0.07393277878932672
0.43956900000000004	0.0	0.0	0.0	0.0	61.53966	-16297.167734220897	0.0006437213700896534	0.3180884386691327	0.07355404228993848	0.12979242974402666	0.41758775839683926	0.060977330900065435
0.43956900000000004	0.0	0.0	0.0	0.0	65.93535	-15899.028233020317	5.620880804148766e-6	0.3244857998077163	0.06007416417962185	0.17724338001603301	0.3786363823635987	0.059560273633032484
0.43956900000000004	0.0	0.0	0.0	0.0	70.33104	-21289.727126230242	1.268711124866714e-6	0.29927902277914425	0.04402056394336893	0.23514744844962918	0.3416377912988025	0.07991517352905791
0.43956900000000004	0.0	0.0	0.0	0.0	74.72673	-32552.604908233585	2.4981023198064794e-6	0.22129300136202354	0.04272125896729185	0.28068301466385537	0.332839083756424	0.12246364125040936
0.43956900000000004	0.0	0.0	0.0	0.0	79.12242	-33214.90081820897	1.843770324690283e-7	0.21447513481060043	0.0548130388935293	0.2665997077649914	0.33921300211091787	0.12489911641996601
0.43956900000000004	0.0	0.0	0.0	0.0	83.51811000000001	-26320.42306898387	5.7564609813850634e-8	0.1905225807986611	0.0620139283463448	0.27955337895818183	0.3689997058221045	0.09891040607471191
0.43956900000000004	0.0	0.0	0.0	0.0	87.91380000000001	-22389.39262011114	4.919084270384466e-6	0.28276970734998763	0.05852334545584805	0.22812337729005358	0.34654026998077236	0.08404329992334159
0.43956900000000004	0.0	0.0	0.0	0.0	92.30949	-21757.729322502895	1.6109986477930003e-6	0.27496366066937933	0.05253051247867062	0.217590197673087	0.37319682181386815	0.08171880736499876
0.43956900000000004	0.0	0.0	0.0	0.0	96.70518	-26514.47197676361	2.315232878315431e-6	0.2579562658647778	0.04406884217125481	0.19745852791904756	0.4008334187146238	0.09968294533029959
0.43956900000000004	0.0	0.0	0.0	0.0	101.10087	-23942.195397827527	4.058607460762618e-8	0.17249706653543345	0.037788286525388806	0.17052930209291275	0.5291737670813396	0.09001157776492952
0.43956900000000004	0.0	0.0	0.0	0.0	105.49656	-19664.83442210065	3.130108044005399e-6	0.13585025430376063	0.052850855865967675	0.1653713939433562	0.5720458511415891	0.07388164474533032
0.43956900000000004	0.0	0.0	0.0	0.0	109.89225	-18099.57220245046	2.5102927169687247e-6	0.15706858693520592	0.06939223979851697	0.17002070531382313	0.5356010037899445	0.0679174641625124
0.43956900000000004	0.0	0.0	0.0	0.0	114.28794	-18353.713022770546	1.759823437130252e-6	0.16094037505959946	0.08394158482474323	0.15011055853139532	0.5361828117687903	0.06882466981547422
0.43956900000000004	0.0	0.0	0.0	0.0	118.68363000000001	-22255.023091781182	2.464306884206366e-6	0.18294061369193954	0.09538392378921243	0.14934951848554814	0.4888416100807796	0.08348433395252394
0.43956900000000004	0.0	0.0	0.0	0.0	123.07932	-23371.385235489535	3.511361033284412e-6	0.1527984077278705	0.09612783789934687	0.1522487148891416	0.5110869550278142	0.08773808445583127
0.43956900000000004	0.0	0.0	0.0	0.0	127.47501	-23652.24942295776	3.064953387403657e-5	0.12838838777539374	0.12252797697962303	0.14134767170417242	0.5190127767362995	0.08872318680451571
0.43956900000000004	0.0	0.0	0.0	0.0	131.8707	-15288.459635948559	1.993507146558786e-5	0.10206899401806967	0.07668032286533617	0.13079286340838364	0.6332709372014418	0.057186882506771966
0.43956900000000004	0.0	0.0	0.0	0.0	136.26639	-9612.748659994631	2.8348454270217426e-6	0.09290038736823465	0.03410565026184992	0.12370073346934492	0.7134198072296452	0.03587342167092768
0.43956900000000004	0.0	0.0	0.0	0.0	140.66208	-8226.560919297104	3.825429005350347e-6	0.10915035884325702	0.014216299890980765	0.09710184231229635	0.7488279979440748	0.030703501009392016
0.43956900000000004	0.0	0.0	0.0	0.0	145.05777	-8485.913813486579	3.3660979294645817e-6	0.07608665420355203	0.007549337528707432	0.07073697024795096	0.8139744233717631	0.03165261464802801
0.43956900000000004	0.0	0.0	0.0	0.0	149.45346	-12915.043838036112	0.0003673101430540659	0.12959405944412367	0.014816516301418945	0.10192801873988111	0.7055428814784177	0.04811852403616006
0.43956900000000004	0.0	0.0	0.0	0.0	153.84915	-7999.396735183812	5.681783127142049e-6	0.07126444964352184	0.016122405471043544	0.08959945121534037	0.793202585033264	0.02981110863683199
0.43956900000000004	0.0	0.0	0.0	0.0	158.24484	-5034.988534538504	5.623989360454383e-6	0.06232370427426326	0.011802415058254617	0.10058091166283332	0.8066619518332314	0.01863101717141845
0.43956900000000004	0.0	0.0	0.0	0.0	162.64053	-4061.366310978168	2.4958360117553808e-6	0.0508105357828326	0.00636666840367548	0.10148025233497421	0.8263326831748562	0.01500986030366252
0.43956900000000004	0.0	0.0	0.0	0.0	167.03622000000001	-3309.8436522389798	8.806696030799166e-6	0.02581939795209391	0.002656727740329277	0.10455518779395737	0.8547594213810275	0.01220926513259239
0.43956900000000004	0.0	0.0	0.0	0.0	171.43191000000002	-2959.6637162017446	1.3237936967718121e-5	0.013058762133646259	0.0018747636426191415	0.12004012008606055	0.8541609344364175	0.010865419701256596
0.43956900000000004	0.0	0.0	0.0	0.0	175.82760000000002	-2971.178702749224	6.277878974138656e-6	0.007867859321711052	0.002630161864512914	0.11133979901716463	0.867267225844059	0.010894953952551575
0.43956900000000004	0.0	0.0	0.0	0.0	180.22329	-2435.8863100473923	2.1198602620511073e-6	0.007169631948138891	0.00467871450059123	0.13032633432690482	0.8488785967027188	0.008946722521646449
